/*--------------------------------*- C++ -*----------------------------------*\
| =========                 |                                                 |
| \\      /  F ield         | OpenFOAM: The Open Source CFD Toolbox           |
|  \\    /   O peration     | Version:  2212                                  |
|   \\  /    A nd           | Website:  www.openfoam.com                      |
|    \\/     M anipulation  |                                                 |
\*---------------------------------------------------------------------------*/
FoamFile
{
    version     2.0;
    format      ascii;
    arch        "LSB;label=32;scalar=64";
    class       volScalarField;
    location    "0";
    object      relativeErrorField;
}
// * * * * * * * * * * * * * * * * * * * * * * * * * * * * * * * * * * * * * //

dimensions      [0 0 0 1 0 0 0];

internalField   nonuniform List<scalar> 
3200
(
0.00185065
0.00901946
0.00738636
0.00204731
0.00150689
0.0124127
0.0162235
0.00842688
0.00273045
0.000748946
0.0164089
0.00718368
0.0100226
0.0123691
0.00243542
0.0133033
0.00295469
0.00823668
0.00191065
0.00387124
0.00717628
0.00517452
0.00414335
0.00764548
0.00536621
0.00906004
0.0015516
0.0106977
0.0118088
0.0130325
0.0089969
0.0129373
0.00297338
0.00583186
0.00604864
0.00715593
0.00395577
0.000676831
0.0115563
0.0123138
0.00344706
8.95702e-05
0.00109077
0.00315056
0.0017565
0.000177571
0.00225914
0.00164576
0.0131923
0.0139116
0.00539362
0.0100207
0.00342819
0.00945102
0.00548518
0.00836368
0.000349326
0.00674341
0.00234552
0.0122
0.0195781
0.00412309
0.00640934
0.00245131
0.000159127
0.00957426
0.00594026
0.00343612
0.00410869
0.00969847
0.00386525
0.0111786
0.000830168
0.00417704
0.000532572
0.00886424
0.011685
0.00709341
0.00312735
0.00787296
0.000551273
0.00127155
0.00836899
0.000967742
0.00643944
0.00672784
0.00684015
0.00666236
0.00553778
0.00524719
0.00125832
0.00820622
0.00781646
0.0033604
0.00763756
0.000779131
0.00339372
0.00942021
0.00415481
0.00635192
0.00711921
0.0111728
0.00543091
0.003867
0.00295472
0.0105787
0.000454462
0.00752192
0.007918
0.00251399
0.0107048
0.00108096
0.00445486
0.00277835
0.00878813
0.00200266
0.0120186
0.000271972
0.00272907
0.00684754
0.0066622
0.00302091
0.00440086
0.00347781
0.00453638
0.00199989
0.00479976
0.0029678
0.00014072
0.00803456
0.000968461
0.00597376
0.00947035
0.00846531
0.00708261
0.00619982
0.000693435
0.00378727
0.00721822
0.00488155
0.00365559
0.000863657
0.00935033
0.00839123
0.00615516
0.00164131
0.0172183
0.000875777
0.00480408
0.0111512
0.00352709
0.000761541
0.0120254
0.000219629
0.00705914
0.000728541
0.0040678
0.00881137
0.00277713
0.00814712
0.00162698
0.000918937
0.000126023
0.00125625
0.0112173
0.00128038
0.0118267
0.016247
0.00573162
0.00814182
0.00877962
0.0113526
0.0043715
0.00979739
0.0117619
0.0119902
0.00349236
0.000296917
0.00294341
0.000840439
0.0100409
0.0113237
0.00274313
0.000795027
0.00267532
7.49177e-06
0.00310597
0.00227179
0.00997367
0.00107019
0.00296272
0.0118044
0.00117017
0.00671622
0.000605762
0.00779084
0.00123044
0.00919519
0.000545356
0.00574228
0.00266367
0.0062754
0.00153014
0.0012428
0.00391775
0.00314333
0.00286162
0.0170415
0.007534
0.00847144
0.0117421
0.00595827
0.00205711
0.000507062
0.00696021
0.00767772
0.00580575
0.00752559
0.00308334
0.00809684
0.00243998
0.0123839
0.00656043
0.00144983
0.00850272
0.00628137
0.00992158
0.00488952
0.00592926
0.00998416
0.00122427
0.00180928
0.00563593
0.0096518
0.000369217
0.0120445
0.00436122
0.00438188
0.00524804
0.0118006
0.00462701
0.0102793
0.000276458
0.000619737
0.00890476
0.000943808
0.00180302
0.00313258
0.0103649
0.00117902
0.00994047
0.00928098
0.00770767
0.00877438
0.00439848
0.00648563
0.00775994
0.00289716
0.000401911
0.0127104
0.00452862
0.00359769
0.00388032
0.0045309
0.00170308
0.00248928
0.00137416
0.00116058
0.00462596
0.00160564
0.00397405
0.00144932
0.000752687
0.00847064
0.00622642
0.000196554
0.0133843
0.000793259
0.00442415
0.00476491
0.00873463
0.00416727
0.010877
0.00496161
0.00707516
0.000721414
0.00782597
0.00195125
0.00369635
0.00369303
0.0124606
0.00329656
0.00461165
0.00100922
0.000778993
0.0033399
0.00116698
0.00293065
0.0149554
0.00471514
0.00549224
0.000587451
0.00178682
0.0130779
0.00147937
0.00788476
0.0010383
0.00652703
0.00327899
0.000716195
0.00481998
0.0144147
0.0142973
0.00567433
0.00551814
0.00794865
0.00405201
0.00687532
0.00154928
0.00193439
0.00109616
0.0011509
0.0126439
0.00242872
0.00244714
0.00628214
0.00275038
0.00464648
0.0040039
0.000251169
0.000289801
0.00627999
0.00915739
0.0142293
0.00134857
0.00504267
0.0024442
0.00340494
0.00802301
0.00823738
0.00254815
0.00299903
0.00223514
0.0033182
0.000633868
0.00147083
0.00560819
0.012975
0.00151657
0.00211299
0.00783639
0.00975056
0.00037804
0.011828
0.00397046
0.00200872
0.00716568
0.00223255
0.00289526
0.000557753
0.00417815
0.00864845
0.00229703
0.000995106
0.00473687
0.00686369
0.000286721
0.00530525
0.000566608
0.00630625
0.00559839
0.00217705
0.00632756
0.00734782
0.00349881
0.00524825
0.000484607
0.00361014
0.00452299
0.00861643
0.00325357
0.00487038
0.00383944
0.00561544
0.00380628
0.00236385
0.00445441
0.00213937
0.00589697
0.00513943
0.000394345
0.0021951
0.00197802
0.0075133
0.00354931
0.00279015
0.00302399
0.00191357
0.000823343
0.00761265
0.00651171
0.00266568
0.00444184
0.000254482
0.00752802
0.00648332
0.00799912
0.000602402
0.00408497
0.00467294
0.00377692
0.000720728
0.00169031
0.00217883
0.0104131
0.0033376
0.00136271
0.00334827
0.00535567
0.000419881
0.00331781
0.0143988
0.00175361
0.00151578
0.00489142
0.00351837
0.00425843
0.00589685
0.00384738
0.000195848
0.00484485
0.00517617
0.00994583
0.003185
0.00277235
0.0106602
0.00304751
0.00324843
0.00223705
0.000146954
0.00728525
0.00235296
0.0116381
0.00937869
0.00150763
0.00236235
0.00283474
0.0061801
0.00289623
0.00156052
0.00833187
0.00510165
0.0103719
0.00958004
0.00443744
0.00497834
0.00363204
0.000821085
0.0061546
0.00723305
0.00335464
0.00306003
0.0103033
0.00246872
0.00367629
0.00222655
0.00270258
0.013742
0.00213306
0.00112505
0.00627545
0.00826413
0.000336346
0.00836861
0.000849289
0.000213615
0.00446412
0.00359765
0.00619287
0.000194217
0.00354589
0.00597095
0.00372648
0.00918725
0.00076442
0.00499895
0.00371146
0.000549667
0.0119246
0.00255261
0.00237994
0.00392382
0.0028886
0.00326696
0.0010038
0.00163474
0.00459979
0.0139597
0.00266008
0.00406091
0.00749249
0.00422555
0.0109124
0.00298616
0.000190001
0.000167818
0.00370016
0.00103042
0.00299532
0.000682911
0.00107347
0.00241923
0.000640085
0.00243885
0.00190453
0.00449684
0.001277
0.00494833
0.000772177
0.010883
0.0174395
0.000565251
0.00358604
0.0102163
0.00551887
0.00314106
0.00816507
0.00515445
0.00437454
0.00263955
0.00605271
0.00445057
0.00425836
0.00270445
0.00330159
0.00541064
0.00413356
0.000109189
0.00808336
0.00198217
0.00961115
0.000829703
0.00656075
0.00971576
0.00545459
0.00449592
0.00925631
0.0077038
0.00186268
0.00335376
0.00534681
0.0054671
0.000937632
0.00436948
0.00330827
0.00474655
0.00324801
0.00680244
0.000759999
0.00369725
0.0149119
0.00682676
0.00207085
0.000830538
0.0127834
0.00449133
0.00120114
0.0032319
0.00796615
0.00664972
0.00137772
0.0212198
0.00164117
0.00570521
0.00504331
0.00979705
0.00183257
0.00469631
0.00306815
0.00512359
0.00763372
0.00331204
0.00148717
0.00430403
0.00105083
0.0108704
0.00101338
0.000626353
0.00380092
0.00246841
0.00988752
0.00237455
0.00116476
0.00126561
0.00248189
0.005439
0.00585394
0.014261
0.00213137
0.000599384
0.00237198
0.00205005
0.00129545
0.01308
0.00533266
0.00937516
0.00576408
0.00339421
0.0143566
0.00966499
0.00101843
0.00604905
0.00563102
0.00913732
0.00932189
0.00684449
0.0106734
0.00255826
0.00471965
0.000226546
0.00743338
0.00343812
0.00425078
0.00169112
0.00882164
0.0147692
0.00670327
0.0039268
2.34634e-06
0.0021115
0.00347628
0.00136248
0.00326519
0.00652298
0.00366122
0.00397979
0.00365606
0.0066742
0.00556884
0.00305308
0.00662749
0.00414621
0.00629426
0.0131635
0.00945049
0.00891514
0.00277775
0.00284322
0.00151344
0.000497026
0.00190107
0.00102705
0.00331555
0.000635186
0.00818413
0.00692553
0.00138962
0.00356961
0.00100567
0.00416609
0.00300358
0.0109648
0.0115542
0.0116023
0.0160984
0.00202107
0.000282891
0.00309073
0.0070136
0.00026499
0.0049973
0.000214401
0.00905761
0.000905283
0.00144609
0.00535652
0.00956727
2.28018e-05
0.000834598
0.00550442
0.00854978
0.0250207
0.00771548
0.00406381
0.00199616
0.00212973
0.0135142
0.00288103
0.00658546
0.00461969
0.00508116
0.00737809
0.00353504
0.000746763
0.00198183
0.0103806
0.000528777
0.00357656
0.00285633
0.00156441
0.0114951
0.00802526
0.00423147
0.00259016
0.00584727
0.00150015
0.00368831
0.00584558
0.00460876
0.00139794
0.00694594
0.00107364
0.00290936
0.00676936
0.00691446
0.0115666
9.35819e-06
0.00566968
0.00139014
0.00720581
0.0130826
0.00836973
0.00385013
0.00814125
0.000425106
0.00549089
0.000727025
0.00608665
0.0127859
8.20037e-05
0.00326022
0.00808005
0.010081
0.00328756
0.00400891
0.000551906
0.00373775
0.00188099
0.00616345
0.00223601
0.00171094
0.00787389
0.00487791
0.00279058
0.000991042
0.00847153
0.00518831
0.00181493
0.00506151
0.00375549
0.0107259
0.000529723
0.00242042
0.0022532
0.000863498
0.00167537
0.00842345
0.00035455
0.0110902
0.00439899
0.00142855
0.0021668
0.000347054
0.0102103
0.0105366
0.003917
0.00137342
0.000442694
0.00357964
0.00343128
0.00637191
0.00397953
0.00590756
0.00119807
0.00264146
0.00170172
0.00270781
0.00334805
0.00202155
0.00811101
0.0164606
0.00325093
0.00123642
0.000866362
0.00505845
0.000866764
0.000354877
0.00362246
0.0036879
0.00447244
0.0118178
0.00528076
0.000419096
0.000698683
0.00605335
0.00305367
0.00328051
0.0016605
0.00790759
0.00992685
0.0115862
0.00907923
0.00735716
0.012973
0.00595614
0.00277188
0.0135032
0.000268561
0.0060672
0.00966889
0.00727946
0.00112918
0.00125375
0.00298741
0.00912648
0.00870339
0.0119534
0.00314089
0.0194502
0.00829073
0.0119387
0.00308721
0.00704729
0.00125374
0.00408513
0.000833542
0.00770484
0.000116959
0.00166879
0.000276345
0.000302594
0.00499885
0.00109886
0.00902476
0.00147883
0.00509705
0.00121937
0.00176854
0.000334182
0.0023776
0.000916841
0.00785986
0.00851992
0.000366134
0.000501617
0.00601043
0.00661693
0.00131202
0.00899446
0.00692765
0.0018385
0.00668038
0.00975758
0.00625111
0.00850493
0.00528607
0.0104609
0.00632328
0.0056291
0.00940149
0.00682676
0.0043747
0.00775261
0.00617095
0.00196224
0.00550346
0.00279733
0.00249907
0.00233566
0.00753513
0.00920405
0.00443947
0.000889398
0.00257603
0.00219826
0.00778754
0.00810058
0.00536782
0.00168076
0.0024858
0.010098
0.00980615
0.0073176
0.00337297
0.0075304
0.0166101
0.00971571
0.0158149
0.00527711
0.00354071
0.00541967
0.000123498
0.00861147
0.00420807
0.00236695
0.00340155
0.00157572
0.00267461
0.00433818
0.00718377
0.0111358
0.0130336
0.00688402
0.0104733
0.00620808
0.00746548
0.00135277
0.0118746
0.00233881
0.00919897
0.00418218
0.00661132
0.00140133
0.00882551
0.00209448
0.00464344
0.00838509
0.00365908
0.00255326
0.00366677
0.000489411
0.00142536
0.0113472
0.00568183
0.0151689
0.00781389
0.00586384
0.00166312
0.00397562
0.00153507
0.00247573
0.0069242
0.000913608
0.0018648
0.00248868
0.00494614
0.00601124
0.0052669
0.00208228
0.00301846
0.004105
0.00263082
0.0130493
0.00841644
0.0175327
0.00300299
0.0056417
0.00208635
0.00862408
0.00115085
0.00800271
0.00309114
0.00074224
0.00629369
0.00131656
0.000216302
0.00375573
0.00209379
0.00899267
0.00058351
0.0115497
0.0165459
0.00219843
0.00748579
0.0139708
0.00268228
0.00413485
0.00792319
0.0143992
0.00467693
0.00515443
0.00257117
0.00092698
0.00404818
0.00849736
0.00629998
0.0105807
0.013802
0.00321078
0.00712814
0.00834983
0.00989004
0.0010568
0.000430723
0.00373161
0.0229971
0.00650979
0.0102411
0.00777464
0.00619239
0.00261546
0.00229834
0.0083407
0.00983148
0.000873772
0.0107254
0.0133748
0.00331232
0.000925743
0.00100634
0.00453684
0.0087695
0.0109975
0.00542441
0.00873779
0.00630462
0.0119675
0.00174119
0.0126302
0.0086572
0.00343818
0.00146452
0.00755396
0.00523973
0.00258585
0.00601776
0.012815
0.00542053
0.00443829
0.00441367
0.0173278
0.00883691
0.0044956
0.009381
0.00735373
0.00294539
0.00404807
0.00478338
0.0104637
0.0115707
0.000553039
0.00477113
0.0030523
0.00693686
0.00310755
0.00807612
0.0106782
0.005297
0.00252201
0.00423975
0.00350286
0.0170199
0.00624474
0.0055331
0.00563759
0.0142139
0.00147674
0.0119039
0.000733007
0.00541852
0.00412969
0.00770612
0.00123342
0.00674974
0.00606483
0.00102726
0.000173107
0.00110182
0.00165934
0.00121872
0.00303745
0.0121897
0.00354277
7.62003e-05
0.000308637
0.0036456
0.00438703
0.0093351
0.0023839
0.00369332
0.00154525
0.00863076
0.0105044
0.00291306
0.00333605
0.00648352
0.00251606
0.0093679
0.00212857
0.00383057
0.00212909
0.0144255
0.00563388
0.00195159
0.00913411
0.00261349
0.00187661
0.00353455
0.00916671
0.00790106
0.00624898
0.00231032
0.00491598
0.00777094
0.00129208
0.00170242
0.0028736
0.0119481
0.00443077
0.00230896
0.00224107
0.00416809
0.00407066
0.0106764
0.00126592
0.00597905
0.00635915
0.00180549
0.00347345
1.87497e-05
0.00384294
0.00750087
0.00217234
0.00897279
0.0043116
0.00998303
0.00291348
0.00532574
0.0123984
0.000371291
0.00548783
0.00765183
0.016852
0.00557275
0.00798347
0.00963576
0.0101467
0.00547357
0.00670074
0.00394805
0.00528977
0.00350212
0.00684414
0.0136732
0.000634258
0.000944531
0.00728218
0.0119533
0.011715
0.000113105
0.00874391
0.00219436
0.0036077
0.00138784
0.0141684
0.00110687
0.0152734
0.00171719
0.00467062
0.00173221
0.000274215
0.0137467
0.00142645
0.0105104
0.00201981
0.0126406
0.002723
0.0100819
0.00233941
0.00634739
0.00535186
0.00956113
0.00705552
0.00245158
0.00709157
0.00661048
0.00385971
0.00870487
0.0132396
0.0104543
0.0144287
0.000172094
0.00486001
0.0064479
0.0185902
0.0056984
0.0083577
0.000594426
0.00352996
0.00475679
0.00395265
0.000351954
0.00207702
0.00575776
0.00027303
0.0108769
0.00259419
0.00318864
0.00130894
0.00305427
0.00473123
0.014276
0.00146768
0.00672403
0.000773763
0.00415839
0.00998067
0.00247735
0.00718842
0.0042146
0.00314539
0.00218557
0.00465655
0.0160202
0.00462535
0.00771725
0.000505752
0.0106321
7.90788e-05
0.00249988
0.00424974
0.000872272
0.00248554
0.000821891
9.51642e-05
0.00704387
0.00984609
2.09367e-06
0.00010302
0.000410565
0.00951819
0.000901544
0.00323348
0.000230966
0.000708908
0.0141885
0.00548668
0.00225715
0.00389087
0.00612306
0.00268452
0.00275433
0.00605509
0.00695461
0.00147562
0.000832864
0.00879444
0.000282886
0.00496554
0.00112417
0.0078357
0.00287817
0.0138586
0.00218152
0.000427104
0.00488286
0.00922006
0.00296305
0.000388357
0.000550865
0.00702553
0.00247794
0.00760536
0.00884035
0.00687284
0.00141024
0.00410746
0.00517326
0.00607568
0.0085273
0.00337301
0.0021533
0.00261538
0.00571284
0.00200878
0.0027906
0.0057564
0.00701448
0.0031137
0.0054093
0.00624438
0.00196068
0.00119836
0.00945384
0.00890237
0.00767929
0.00239849
0.00347961
0.00136591
0.00663759
0.0168329
0.00953789
0.00508558
0.0117185
0.0131129
0.00898683
0.00370638
0.0158452
0.00960308
0.0144159
0.0109312
0.00348015
0.00292366
0.0103107
0.014045
0.00596411
0.00748727
0.00688124
0.0074114
0.00943327
0.00685517
0.00211566
0.0135383
0.00964281
0.0179739
0.00543991
0.0088979
0.00935152
0.0115868
0.00369454
0.00741457
0.0199957
0.00957261
0.0168933
0.0111098
0.0085535
0.011961
0.0215129
0.00561476
0.00186097
0.00438636
0.00462302
0.0129905
0.00862091
0.00133125
0.00735255
0.0040751
0.0155747
0.00397963
0.00120211
0.00815003
0.0129435
0.00650861
0.00187628
0.00563661
0.00579077
0.0024505
0.00261333
0.00564542
0.00365831
0.00554878
0.0158076
0.0078827
0.0120513
0.00900296
0.0124759
0.0118307
0.00369939
0.0104242
0.00551839
0.0102821
0.00846253
0.00313299
0.00545134
0.0139139
0.00112967
0.0224435
0.00499337
0.00386693
0.0082013
0.00972901
0.00359458
0.0132152
0.0060449
0.00481743
0.00880796
0.00671739
0.00830458
0.00170085
0.00343578
0.000605294
0.0027776
0.00549494
0.00471626
0.00659855
0.00128021
0.00365351
0.00142754
0.00196937
0.000998714
0.0122233
0.0119877
0.000512935
9.49487e-05
0.0107277
0.00373791
0.00400159
0.00293528
0.011325
0.00402582
0.00360244
0.00490563
0.00153104
0.006188
0.0101097
0.000293006
0.00300933
0.00136362
0.00907331
0.0123969
0.00938692
0.0027574
0.00262197
0.00298418
0.0148742
0.014768
0.0034053
0.0129519
0.00253639
0.00227523
0.00781136
0.00811592
0.00138711
0.00846291
0.0120079
0.00672787
0.00876501
0.00865273
0.0045903
0.00251365
0.00848437
0.000752163
0.000198248
0.00196639
0.000143887
0.0106102
0.00889058
0.00797154
0.00204378
0.0125224
0.00496345
0.00615901
0.00769948
0.000278605
0.00527218
0.000541666
0.0084815
0.012624
0.0046732
0.00321108
0.00435111
0.00122607
0.012641
0.0123499
0.0162153
0.00630694
0.0117868
0.0158493
0.00779855
0.0105981
0.00888354
0.0121933
0.00438538
0.0113506
0.00855055
0.00197362
0.000632706
0.00640419
0.00529521
0.00432671
0.0170172
0.00434177
0.00352674
0.00690524
0.00773894
4.08502e-05
0.0137817
0.000574039
0.0109554
0.000150146
0.00181959
0.0043375
0.00201588
0.00930448
0.00140784
0.00508736
0.00116791
0.00579077
0.000625104
0.00748097
0.00202871
0.000520809
0.000423537
0.0157573
0.0110975
0.00858218
0.00675527
0.00433598
0.0102841
0.0132458
0.011784
0.0118011
0.00246734
0.0195708
0.0111832
0.00693164
0.0140456
0.0122567
0.0126976
0.0125694
0.00473093
0.0106044
0.000232405
0.00295122
0.00425146
0.0116409
0.00360527
0.000475221
0.00294084
9.97616e-05
0.0117848
0.0058045
0.000695815
0.00643942
0.00830416
0.00452258
0.00238962
0.0113752
0.00566937
0.00427634
0.0016496
0.00497868
0.0168299
0.00891454
0.00361626
0.00312427
0.00428794
0.00391582
0.016016
0.00836409
0.000345212
0.00254436
0.00725637
0.0159851
0.00889259
0.00379489
0.00148499
0.0102039
0.00679034
0.00262864
0.0150133
0.0100828
0.0117984
0.0015693
0.00649687
0.00130436
0.00534848
0.00570259
0.00624939
0.00460544
0.0133263
0.00531289
0.0115303
0.00198451
0.00848553
0.00220211
0.00278445
0.00596198
0.00104314
0.00330352
0.00796323
0.000899384
0.00703678
0.00659546
0.00283495
0.000762326
0.00560167
0.00633402
0.00154907
0.00593089
0.00773689
0.00786373
0.0010441
0.00422993
0.00484126
0.00316264
0.00642817
0.000874487
0.0019446
0.00286534
0.00151113
0.00457376
0.00129938
0.00112829
0.00452745
0.0131255
0.00895167
0.00323924
0.00269005
0.00468609
0.0156208
0.0114739
0.0018979
0.00619219
0.00333809
0.0111151
0.00969886
0.0086851
0.00249643
0.01416
0.00138016
0.00201933
0.015702
0.0151562
0.00831608
0.00886857
0.0023853
0.0121127
0.00721964
0.0113773
0.0182786
0.00339441
0.00615065
0.00958764
0.00102871
0.00310121
0.00648892
0.012336
0.00357327
0.00421924
0.00223953
0.00437802
0.0135459
0.00226524
0.00163618
0.00353493
0.00352559
0.0030989
0.00273086
0.000227236
0.00152497
0.00108591
0.000322025
0.00586768
0.00152439
0.00759093
0.000363364
0.00853639
0.000404986
0.000225452
0.00199756
0.010282
0.0162863
0.00312448
0.00629915
0.0151286
0.010972
0.00470039
0.0011434
0.00437052
0.012105
0.0153686
0.00917358
0.000230847
0.0118848
0.00282909
0.0093443
0.00750937
0.00308695
0.000582062
0.00599017
0.00527667
0.00373745
0.0130782
0.009359
0.000394659
0.0188794
0.00719263
0.00388403
0.0129643
0.0105836
0.00169405
0.00868789
0.00364133
0.000721072
0.00542231
0.000641618
0.00762643
0.00362264
0.01118
0.000224521
0.00512225
0.00257482
0.00258513
0.00920489
0.00654636
0.0135038
0.000566907
0.00846187
0.012264
0.00317306
0.00127777
0.00443832
0.0028054
0.00160286
0.00542393
0.00369408
0.010882
0.0122905
0.00865144
0.0100668
0.00509697
0.00648274
0.00351485
0.016945
0.000646532
0.00453593
0.00678628
0.00619974
0.0085169
0.000953125
0.0028668
0.000516953
0.00603145
0.00175833
0.00106815
0.00198245
0.000834506
0.0104734
0.00679364
0.00407961
0.000625829
0.00460187
0.00674361
0.00185856
0.00841663
0.00205814
0.00141016
0.00498811
0.00865062
0.0121439
0.017643
0.0129821
0.00498601
0.00116318
0.00137351
0.000608578
0.00351693
0.00319322
0.010522
0.00779818
0.0081997
0.00326943
0.00619062
0.00610286
0.00783305
0.00268561
0.00189895
0.00510382
0.0069867
0.00459992
0.00888845
0.000322961
0.00333619
0.000645232
0.0107349
0.00244373
0.00424502
0.00674917
0.00602878
0.00741994
0.00663875
0.00434593
0.00397436
0.00656246
0.00722953
0.00686201
0.0117449
0.0147164
0.0134742
0.0133709
0.0074348
0.00833848
0.0192633
0.00157085
0.0148895
0.0013644
0.00330724
0.0036003
0.000719443
0.00844944
0.00330977
0.00732468
0.00660392
0.00994118
0.00383224
0.00621951
0.0064519
0.00852323
0.00811094
0.00746708
0.0114336
0.00371215
0.00435869
0.00590219
0.0083765
0.00653667
0.00204431
0.00472609
0.000149266
0.00122799
0.00258398
0.00676961
0.00202331
0.00725
0.00935319
0.00145921
0.00464458
0.00345831
0.0125655
0.00999239
0.00942338
0.00226343
0.0105985
0.0114848
0.000187602
0.00149475
0.000732315
0.00804205
0.00301252
0.00415899
0.0132227
0.0133324
0.00237264
0.00125144
0.0157784
0.00261741
0.00163293
0.00125875
0.00802201
0.00500145
0.00359669
0.00906951
0.000309969
0.00867427
0.0114669
0.00277923
0.00168457
0.00703102
0.0108407
0.000392561
0.00858909
0.00525393
0.00026997
0.00165423
0.00169557
0.00813632
0.00913526
0.00539205
0.0115417
0.0221276
0.0096198
0.0113634
0.00568745
0.00845957
0.00683841
0.00147159
0.00987576
0.00759884
0.00341476
0.00388516
0.00364967
0.00774781
0.00885386
0.000650862
0.00513637
0.012109
0.00219486
0.00406468
0.0170641
0.00623073
0.0034025
0.00121026
0.00193634
0.00661241
0.0106851
0.00369378
0.00362937
0.00923689
0.000184142
0.00181076
0.0034686
0.000634211
0.00639002
0.0012407
0.00760639
0.00956978
0.0032434
0.000125628
0.00537891
0.00636609
0.00979548
0.000221949
0.00690892
0.00849623
0.000341026
0.000937069
0.00770401
0.00514841
0.013734
0.00315145
0.00548315
0.00145811
0.00444131
0.00739748
0.00151464
0.00064
0.000836006
0.00295902
0.000142216
0.00220803
0.00481243
0.000398937
0.00701752
0.000127693
0.00745083
0.0107265
0.0021754
0.00571226
0.00114348
0.000988999
0.00182971
0.00183069
0.0104318
0.00434097
0.00141659
0.00437831
0.000726312
0.0074455
0.014302
0.0025934
0.00638863
0.0110151
0.0183077
0.0142854
0.000926772
0.00172788
0.000299641
0.00165006
0.015471
0.000756142
0.00292751
0.0013569
0.00373554
0.00861978
0.00100219
0.00797856
0.00288137
0.00338295
0.000905331
3.40579e-06
0.000565942
0.000145331
0.0127724
0.00124478
0.00930972
0.00136561
0.000420802
0.000392936
0.00621829
0.00214904
0.010291
0.0114729
0.00194922
0.0102048
0.00856789
0.00700193
0.00054897
0.00190151
0.00399933
0.0132492
0.00722693
0.008505
0.00471512
0.00156817
0.0138918
0.00310639
0.00137381
0.00966822
0.0099232
0.00111624
0.00653153
0.000199019
0.00604716
0.004033
0.0129464
0.00650357
0.00809065
0.00219673
0.0114501
0.00426699
0.000744374
0.0156221
0.00624149
0.000343183
0.0115341
0.000693492
0.00760136
0.00536438
0.000719521
0.000903728
0.00243306
0.00348193
0.00728585
0.00557982
0.00740044
0.00428332
0.00667865
0.00628738
0.00646811
0.00293078
0.00322738
0.010774
0.000691304
0.00228997
0.00365117
0.00399222
0.00465075
0.00860109
0.00135175
0.00114
0.00651569
0.00102558
0.00125807
0.00899553
0.00890877
0.00165948
0.00328131
0.00399531
0.00130319
0.00706775
0.0159375
0.00967972
0.000775725
0.00758124
0.00305312
0.00284565
0.00329808
0.00300551
0.00527495
0.00965085
0.00110714
0.0116565
0.00250211
0.00580953
0.00273724
0.0112942
0.00328087
0.000265777
0.00292941
0.00137524
0.00677772
0.00667873
0.0109073
0.00216172
0.00242739
0.00172496
0.0117455
0.00826364
0.00489716
7.27206e-05
0.00159428
0.00624011
0.0107848
0.00398804
0.0076334
0.0018038
0.000528637
0.00679783
0.00498376
0.00517239
0.00522686
0.00749917
0.00100117
0.0136233
0.00636176
0.00841106
0.0106555
0.00348733
0.00199749
0.00917374
0.001998
0.00533742
0.0109949
0.00689123
0.00951322
0.00881897
0.00797184
0.00271589
0.00516185
0.0061241
0.00713924
0.00212964
0.000948774
0.00246863
0.00318325
0.00278529
0.00669917
0.00623717
0.0130188
0.00547215
0.0109778
0.000488627
0.00767036
0.00243703
0.00483711
0.00517814
0.000568633
0.00484868
0.00806475
0.00915955
0.00619101
0.00358719
0.00118078
0.0108792
0.00198085
0.00229965
0.000981471
0.00681644
0.013024
0.00961303
0.000630673
0.00555031
0.0043738
0.00771601
0.00569567
0.00196032
0.00218426
0.00612136
0.000495103
0.00173664
0.00897459
0.00752542
0.0105662
0.00700981
0.00249505
0.00106766
0.00367312
0.0108274
0.00639596
0.0110804
0.00133024
0.00181794
0.00390179
0.00140183
0.0012769
8.83988e-05
0.00660099
0.00322141
0.0137609
0.00120787
0.00235032
0.00676583
0.000401123
0.000832705
0.000903671
0.00720323
0.00620796
0.00050092
0.00290019
0.00204162
0.00928798
0.00370116
0.00188959
0.0037864
0.00151603
0.0070881
0.0140577
0.00335453
0.00734738
0.0073866
0.008878
0.00478469
0.0021753
0.000350821
0.000210393
0.00285834
0.00614228
0.00106936
0.00693378
0.00933043
0.00638795
0.00505873
0.00643316
0.00440421
0.00571685
0.00292112
0.002407
0.000592106
0.00226057
0.001881
0.00642274
0.0055256
0.00828333
0.0025557
0.00149527
0.0028138
0.00232087
0.00327762
0.00717829
0.00994129
0.00700058
0.00820244
0.00199046
0.00494657
0.00850832
0.00206192
0.00195352
0.0111281
0.00514593
0.00162395
0.00865107
0.00534498
0.00293677
0.00118655
0.0114016
0.00529051
0.00450991
0.000693527
0.00349873
0.00374723
0.00266254
0.00247912
0.00386088
0.00231162
0.0103038
0.0112669
0.0052874
0.00745524
0.00343054
0.0141387
0.00198758
0.0133544
0.00640503
0.0140872
0.0106086
0.00254027
0.00596428
0.00797166
0.00506805
0.0135351
0.00792451
0.0004032
0.00319582
0.00475029
0.0103282
0.00183445
0.000929772
0.00803956
0.0234724
0.00205794
2.39975e-05
0.00895426
0.00498424
0.00689594
0.0035389
0.00770123
0.0110022
0.00761739
0.0119919
0.00563034
0.000277283
0.00271243
0.00105804
0.00211052
0.00234575
0.000300057
0.00216619
0.00702949
0.00112925
0.000217338
0.000632814
0.000312296
0.00432579
0.00187898
0.00132736
0.000916778
0.00643489
0.00425575
0.012105
0.00906942
0.00589835
0.00905237
0.00470816
0.00111889
0.00123335
0.00241578
0.00443873
0.000870361
0.0016132
0.00429372
0.00300123
0.0121263
0.00368149
0.00146139
0.00627967
0.00203925
0.00484711
0.0124567
0.00925254
0.00747372
0.00486312
0.00144365
0.00555093
0.00564607
0.00187143
0.000340862
0.00367467
0.0019905
0.0048921
0.00395218
0.00247715
0.00411147
0.000811079
0.00244211
0.00426185
0.0121559
0.00915387
0.00385906
0.0149935
0.00755652
0.00842371
0.00497588
0.00427367
0.00022625
0.00516935
0.00786085
0.00467792
0.000918986
0.00026967
0.00967222
0.00126791
0.00423864
0.00140268
0.00518031
0.0076131
0.00387548
0.00691388
0.000472511
0.00522305
0.00859117
0.00286704
0.000346804
0.00181252
0.00504351
3.90136e-05
0.00745525
0.00472255
0.00449628
0.00142241
0.00388181
0.00453668
0.0037973
0.00667658
0.00269714
0.00179147
0.00206853
0.00403986
0.00163295
0.00777303
0.000610443
0.00639416
0.00289081
0.00386639
0.00365697
0.00830402
0.00890311
0.000437256
0.00859829
0.00655108
0.000336751
0.00293758
0.00228917
0.00103932
0.00671224
0.00562605
0.00782949
0.0031629
0.000320451
0.00560051
0.00200914
0.00292121
0.00085929
0.000361564
0.00803821
0.00543756
0.00611077
9.7229e-05
0.00367132
8.06767e-05
0.0044621
0.00453334
0.000677354
0.0131728
0.0014929
0.00979332
0.00919555
0.00390703
0.00720801
0.00320703
0.0118688
0.0123101
0.00509242
0.00252709
2.30274e-05
0.00391587
0.00262228
0.00759124
0.00473459
0.00266118
0.0012953
0.00162959
0.00568279
0.00439921
0.000486778
0.00485673
0.00890372
0.0153632
0.0110025
0.0158203
0.00547169
0.0101528
0.000811433
0.00429362
0.00716352
0.00350476
0.000636943
0.00760893
0.000224608
0.00259951
0.00509797
0.000707204
0.000226925
0.0038485
0.00472859
0.0123545
0.0224221
0.00955974
0.011618
0.0206749
0.0149279
0.00932976
0.0068931
0.00593263
0.00912314
0.00626565
0.00604923
0.00413237
0.000312854
0.00844994
0.00374915
0.000987423
0.00699533
0.000236335
0.0108522
0.00609894
0.000394666
0.00830214
0.00772764
0.0125823
0.015114
0.000878205
0.00368225
0.0027639
0.00429883
0.00521735
0.000537226
0.00234362
0.00305898
0.00943843
0.00486673
0.00453386
0.00540917
0.00477699
0.0089666
0.00188254
0.0127875
0.00136363
0.0105743
0.00181206
0.0010757
0.0094742
0.00268826
0.00884537
0.00144093
0.00510715
0.00338198
0.00170109
0.000939977
0.00148543
0.00130847
0.000473699
4.36778e-05
0.0119426
0.00359181
0.00511869
0.0152493
0.00242587
0.0103543
0.00330057
0.00445683
0.00958868
0.00667768
0.0109762
0.000399522
0.00664566
0.00662628
0.00831338
0.00155592
0.00191579
0.00701143
0.00634736
0.00247959
0.00550455
0.00203884
0.00657128
0.00702309
0.0111832
0.00528979
0.00119832
0.0138936
0.00184635
0.0041729
0.00158503
0.00501809
0.0132574
0.00163922
0.00712913
0.00616585
0.00339646
0.00370084
0.00511047
0.00529626
0.00103499
0.00451343
0.00377253
0.00281319
0.00377888
0.00355191
0.00269147
0.00257123
0.00921801
0.0047151
0.00703983
0.00210782
0.00363025
0.00478234
0.00466201
0.00199524
0.000639447
0.000802649
0.00686398
0.00138938
0.00317598
0.0074713
0.00195417
0.00508796
0.0107533
0.00356405
0.0116137
0.0264058
0.0217804
0.00732282
0.00116633
0.005162
0.00469101
0.00224593
0.00497254
0.00312985
0.000501775
0.0177018
0.00247071
0.0181328
0.0119337
0.011905
0.00798676
0.010155
0.0103546
0.0294307
0.0261886
0.0189483
0.00262724
0.00295094
0.00154966
0.00570946
0.000194208
0.00848247
0.000622707
0.0113691
0.000467558
3.22936e-05
0.00466012
0.00222998
0.00901489
0.000528992
0.00646391
0.000100849
0.0193998
0.00275372
0.0117696
0.0103556
0.00491098
0.017221
0.01322
0.0062223
0.00237627
0.0100742
0.0030016
0.00906871
0.00525181
0.0058714
0.00923141
0.0112366
0.0042808
0.0160156
0.0141029
0.0159794
0.0102309
0.0276185
0.00837456
0.00951315
0.0108917
0.00297091
0.00399735
0.00329851
0.0105499
0.00228057
0.0114155
0.00972833
0.000326861
0.0112458
0.0114412
0.00529835
0.0088031
0.00434038
0.00846901
0.00503037
0.00226932
0.0145992
0.0120121
0.0158239
0.012208
0.00359257
0.00731145
0.00568514
0.00925792
0.00697733
0.00138743
0.00369879
0.00532495
0.000308537
0.00456054
0.00420738
0.00881426
0.00902308
0.000326168
0.00588399
0.0091075
0.0131834
0.00293476
0.0109074
0.00192925
0.0094794
0.000379863
0.00535674
0.00438198
0.00594593
0.000643182
0.00256194
0.000659465
0.00275961
0.00525048
0.00210657
0.00863612
0.00388354
0.00663907
0.0176181
0.000392392
0.000454197
0.0179094
0.00468801
0.00106369
0.00881303
0.00443242
0.00161136
0.0102764
0.00567204
0.00122906
0.00565697
0.0164053
0.00277003
0.00165431
0.0073918
0.00302882
0.00792753
0.00777004
0.00678945
0.0144612
0.0160993
0.00761092
0.00737896
0.000430222
0.010547
0.0118154
0.00357679
0.00476208
0.00335505
0.00322939
0.00982822
0.0111232
0.00162557
0.00406768
0.00859505
0.00828534
0.0127779
0.0031889
0.00831628
0.00402755
0.00184803
0.00602191
0.0199232
0.01739
0.00845724
0.0116885
0.0115014
0.0105589
0.0121548
0.00535493
0.00737694
0.00836259
0.00392154
0.0228379
0.0173249
0.0098635
0.0150075
0.0134498
0.0131302
0.0161789
0.0173781
0.028686
0.0230151
0.0175173
0.0195048
0.00984002
0.0242604
0.0132984
0.01534
0.00537066
0.00949987
0.00506005
0.00338782
0.00134058
0.00719932
0.0124045
0.013683
0.0137529
0.0238916
0.0200264
0.0159514
0.0280505
0.0139306
0.0140991
0.0157706
0.0212997
0.0175964
0.00683068
0.0170777
0.0028386
0.0141066
0.0024553
0.0107914
0.006214
0.00721359
0.0102947
0.00930561
0.0130971
0.0100768
0.0167076
0.0235944
0.0236761
0.00793941
0.0135397
0.00813298
0.0118939
0.00519597
0.011737
0.0136168
0.00807349
0.00761331
0.00578731
0.00565205
0.00134123
0.00792372
0.0126063
0.0133381
0.00322752
0.0177629
0.0100551
0.02533
0.0219712
0.0128333
0.00929024
0.0170043
0.0170841
0.0020748
0.00440576
0.00847603
0.00089035
0.0115968
0.000479748
0.00496647
0.0141676
0.011146
0.00779397
0.000736591
0.00435275
0.00244382
0.0159099
0.0107079
0.0137197
0.00085096
0.0129722
0.00891596
0.00404257
0.00583083
0.00309723
0.00619049
0.00522054
0.00741209
0.00792611
0.00463562
0.0117389
0.0119965
0.00217015
0.0094063
0.00675237
0.0126001
0.00682
0.00528819
0.014394
0.00311839
0.00246792
0.00195757
0.00558983
0.00632272
0.0090523
0.00485371
0.00108175
0.00373478
0.01321
0.00226284
0.00816386
0.00687102
0.0135543
0.00543883
0.00632042
0.00181316
0.00115043
0.00658937
0.00493839
0.00331641
0.00170263
0.002519
0.00318161
0.00414787
0.0017613
0.00242504
0.0158325
0.00216066
0.0041463
7.89302e-05
0.00667461
0.00092958
0.000736102
0.00776015
0.00612652
0.00583786
0.00198715
0.00406116
0.00332408
0.0300446
0.0202305
0.0240952
0.0260119
0.0257336
0.017311
0.0134741
0.0220051
0.023157
0.015226
0.0207939
0.016958
0.00861505
0.0199822
0.0184334
0.0216202
0.0214828
0.0301588
0.0319587
0.0350983
0.0231724
0.00394125
0.016824
0.00257313
0.0175424
0.00039131
0.0142002
0.00302869
0.0198469
0.00164049
0.00175935
0.0163553
0.00250793
0.00406855
0.00359904
0.0246102
0.00128475
0.0304987
0.00140512
0.0239508
0.025127
0.0195775
0.0202846
0.0113282
0.0228599
0.0143783
0.0105254
0.00755131
0.0127421
0.0147138
0.0110906
0.0198574
0.0106991
0.0147446
0.0137969
0.0157322
0.0285538
0.0258516
0.017166
0.025516
0.03054
0.0144756
0.0140755
0.00390323
0.0112601
0.0172258
0.0129981
0.00983778
0.0105945
0.00362202
0.0150342
0.00695426
0.0125853
0.0109728
0.00835263
0.0160801
0.00896714
0.0116818
0.0212176
0.00432272
0.0146576
0.0134529
0.0148758
0.0130051
0.0131629
0.0159015
0.0148235
0.00991245
0.00103896
0.00884332
0.000169776
0.00929431
0.011981
0.0139468
0.00889494
0.00612053
0.0140397
0.0169281
0.0220972
0.0109533
0.0147888
0.00252814
0.0110642
0.00709324
0.00592755
0.0102691
0.00777465
0.00542989
0.00321837
0.017422
0.00647127
0.00681688
0.00726435
0.0064051
0.000519096
0.00268889
0.0192191
0.0168877
0.0139829
0.00647381
0.000815715
0.0126161
0.00106633
0.00947687
0.00235992
0.00963521
0.00572639
0.00987189
0.00564978
0.00793849
0.00166619
0.0046114
0.00801367
0.0107562
0.00714377
0.0102276
0.00711676
0.00262409
0.0100376
0.00864101
0.00255445
0.00322639
0.000523696
0.00764541
0.000292858
0.00972867
0.00351113
0.00899738
0.00278682
9.84047e-05
0.00252163
0.0102028
0.00195098
0.0131998
0.00644345
0.011743
0.00747281
0.000120063
0.0131391
0.00458997
0.0330233
0.029136
0.032389
0.0254672
0.0273522
0.0315451
0.0282261
0.0278398
0.0236114
0.0133911
0.0132638
0.0217981
0.0184306
0.0236349
0.0200876
0.0327082
0.0172331
0.0343433
0.0250081
0.0367506
0.0286639
0.0246601
0.0248005
0.028988
0.0191374
0.0212985
0.0157704
0.0214475
0.0182033
0.0235358
0.0174941
0.0183597
0.0144688
0.0125135
0.0223992
0.0340713
0.0215244
0.0136159
0.0304795
0.0258358
0.0273863
0.0242116
0.0287948
0.0209341
0.0178529
0.0199213
0.0124294
0.0217648
0.0181011
0.0145673
0.020597
0.0229374
0.00482025
0.0187745
0.0166468
0.0224475
0.0165457
0.0183175
0.0266
0.0233449
0.022101
0.022103
0.0150792
0.0203679
0.0154086
0.0219403
0.00429125
0.0116767
0.0149779
0.017665
0.0103014
0.0155942
0.010731
0.0106412
0.00883043
0.0176323
0.0167263
0.0271153
0.019376
0.0205495
0.0124843
0.0192957
0.0168627
0.0142584
0.00752234
0.00974241
0.00672237
0.00622402
0.0081373
0.0074162
0.00532487
0.011506
0.00863262
0.0157079
0.015767
0.0285963
0.0155061
0.0146379
0.0154685
0.0217873
0.0204689
0.00988223
0.0129414
0.0158181
0.00962158
0.0116313
0.004863
0.000735814
0.0085909
0.0069082
0.00786219
0.00172852
0.0112507
0.011533
0.0221381
0.00790387
0.00208629
0.0038919
0.0161158
0.0131453
0.00975063
0.0122164
0.00216149
0.00575352
0.00326984
0.00544322
0.00503169
0.00459378
0.00107856
0.000738267
0.0025612
0.00200206
0.00375486
0.00900821
0.000110281
0.00724902
0.00679954
0.0034059
0.00132402
0.0122175
0.00249698
0.00271031
0.0064922
0.00175027
0.00673912
0.00474355
0.00754749
0.00388754
0.011564
0.00214837
0.00197529
0.00938426
0.00352625
0.00185477
0.00611235
0.00333048
0.00579947
0.00374316
0.0141437
0.00157687
)
;

boundaryField
{
    hotSide
    {
        type            fixedGradient;
        gradient        nonuniform List<scalar> 
400
(
321.511
322.87
325.591
329.677
335.133
341.965
350.181
359.788
370.794
383.208
397.037
412.289
428.971
447.088
466.647
487.651
510.105
534.011
559.372
586.191
323.738
325.08
327.767
331.802
337.194
343.949
352.078
361.591
372.498
384.81
398.537
413.687
430.268
448.289
467.755
488.672
511.043
534.872
560.161
586.913
326.149
327.47
330.116
334.091
339.406
346.071
354.099
363.503
374.296
386.491
400.101
415.136
431.606
449.52
468.885
489.706
511.988
535.735
560.948
587.63
328.704
330
332.597
336.503
341.73
348.292
356.205
365.485
376.15
388.215
401.695
416.604
432.954
450.753
470.009
490.73
512.919
536.579
561.714
588.325
331.33
332.599
335.142
338.97
344.099
350.546
358.332
367.477
378.003
389.928
403.271
418.047
434.27
451.949
471.095
491.712
513.807
537.382
562.439
588.978
333.918
335.158
337.643
341.389
346.414
352.74
360.392
369.397
379.779
391.562
404.765
419.407
435.503
453.065
472.101
492.618
514.622
538.114
563.096
589.569
336.321
337.531
339.959
343.622
348.544
354.751
362.274
371.142
381.385
393.031
406.101
420.618
436.595
454.047
472.983
493.409
515.33
538.747
563.663
590.076
338.36
339.543
341.92
345.509
350.339
356.44
363.847
372.595
382.718
394.244
407.2
421.608
437.485
454.844
473.695
494.045
515.897
539.253
564.114
590.478
339.852
341.015
343.352
346.885
351.645
357.665
364.985
373.643
383.675
395.113
407.984
422.312
438.116
455.407
474.197
494.491
516.294
539.606
564.428
590.758
340.643
341.795
344.11
347.613
352.334
358.311
365.584
374.193
384.176
395.567
408.393
422.679
438.443
455.699
474.456
494.722
516.498
539.788
564.589
590.901
340.643
341.795
344.11
347.613
352.334
358.311
365.584
374.193
384.176
395.567
408.393
422.679
438.443
455.699
474.456
494.722
516.498
539.788
564.589
590.901
339.852
341.015
343.352
346.885
351.645
357.665
364.985
373.643
383.675
395.113
407.984
422.312
438.116
455.407
474.197
494.491
516.294
539.606
564.428
590.758
338.36
339.543
341.92
345.509
350.339
356.44
363.847
372.595
382.718
394.244
407.2
421.608
437.485
454.844
473.695
494.045
515.897
539.253
564.114
590.478
336.321
337.531
339.959
343.622
348.544
354.751
362.274
371.142
381.385
393.031
406.101
420.618
436.595
454.047
472.983
493.409
515.33
538.747
563.663
590.076
333.918
335.158
337.643
341.389
346.414
352.74
360.392
369.397
379.779
391.562
404.765
419.407
435.503
453.065
472.101
492.618
514.622
538.114
563.096
589.569
331.33
332.599
335.142
338.97
344.099
350.546
358.332
367.477
378.003
389.928
403.271
418.047
434.27
451.949
471.095
491.712
513.807
537.382
562.439
588.978
328.704
330
332.597
336.503
341.73
348.292
356.205
365.485
376.15
388.215
401.695
416.604
432.954
450.753
470.009
490.73
512.919
536.579
561.714
588.325
326.149
327.47
330.116
334.091
339.406
346.071
354.099
363.503
374.296
386.491
400.101
415.136
431.606
449.52
468.885
489.706
511.988
535.735
560.948
587.63
323.738
325.08
327.767
331.802
337.194
343.949
352.078
361.591
372.498
384.81
398.537
413.687
430.268
448.289
467.755
488.672
511.043
534.872
560.161
586.913
321.511
322.87
325.591
329.677
335.133
341.965
350.181
359.788
370.794
383.208
397.037
412.289
428.971
447.088
466.647
487.651
510.105
534.011
559.372
586.191
)
;
    }
    coldSide
    {
        type            mixed;
        refValue        uniform 300;
        refGradient     uniform 0;
        valueFraction   uniform 0.991591;
        source          uniform 0;
        value           nonuniform List<scalar> 
400
(
300.034
300.039
300.034
300.045
300.068
300.037
300.021
300.019
300.049
300.024
300.009
300.038
300.031
300.022
300.028
300.028
300.054
300.045
300.031
300.032
300.028
300.024
300.034
300.035
300.018
300.02
300.016
300.033
300.026
300.04
300.05
300.044
300.027
300.025
300.026
300.058
300.034
300.032
300.046
300.032
300.05
300.022
300.053
300.037
300.024
299.994
300.038
300.035
300.029
300.032
300.021
300.027
300.047
300.039
300.031
300.023
300.009
300.043
300.039
300.022
300.048
300.06
300.021
300.023
300.025
300.049
300.055
300.043
300.024
300.032
300.014
300.042
300.004
300.023
300.035
300.017
300.066
300.045
300.019
300.044
300.012
300.024
300.018
300.05
300.015
299.984
300.032
300.024
300.03
300.018
300.046
300.012
300.022
300.027
300.055
300.03
300.045
300.048
300.038
300.022
300.032
300.008
300.023
299.991
300.031
300.037
300.014
300.037
300.003
300.064
300.011
300.028
300.052
300.06
300.02
300.045
300.024
300.042
300.064
300.052
299.985
300.026
300.036
300.046
300.03
300.044
300.046
300.015
300.053
300.054
300.038
300.034
300.028
300.005
300.05
300.023
300.028
300.032
300.03
300.02
300.032
300.013
300.065
300.04
300.039
300.035
300.035
300.048
300.051
300.039
300.037
300.03
300.034
300.02
300.035
300.048
300.045
300.078
300.016
300.03
300.018
300.021
300.024
300.03
300.039
300.052
300.039
300.039
300.026
300.025
300.045
300.025
300.051
300.015
300.025
300.031
300.062
300.033
300.046
300.01
300.002
300.028
300.027
300.025
300.042
300.027
300.03
300.017
300.063
300.043
300.014
300.032
300.021
300.043
300.035
300.034
300.065
300.027
300.039
300.034
300.021
300.042
300.046
300.039
300
300.01
300.04
300.015
300.018
299.992
300.02
300.027
300.02
299.998
300.024
300.038
300.033
300.038
300.033
300.035
300.028
299.993
300.009
300.026
300.017
300.022
300.05
300.026
300.047
300.061
300.055
300.045
300.047
300.039
300.023
300.018
300.027
300.021
300.065
300.064
299.999
299.993
300.03
300.021
300.031
300.032
300.036
300.033
300.05
300.036
300.033
300.031
300.052
300
300.036
300.032
300.059
300.04
300.034
300.031
300.029
300.014
300.05
300.046
300.031
300.045
300.053
300.054
300.031
300.015
300.04
300.014
300.03
300.05
300.068
300.044
300.015
300.036
300.005
300.044
300.01
300.014
300.026
300.038
300.044
300.032
300.018
300.007
300.016
300.022
300.033
300.031
300.067
299.997
300.038
300.016
300.004
300.018
300.055
300.024
300.029
300.048
300.027
300.038
300.02
300.029
300.054
300.009
300.031
300.002
300.058
300.05
300.048
300.06
300.009
300.03
300.028
300.053
300.008
300.048
300.017
300.037
300.016
300.018
300.036
300.018
300.035
300.035
300.051
300.005
300.036
300.058
300.01
300.039
300.057
300.048
300.015
300.022
300.057
300.054
300.004
300.044
300.036
300.044
300.023
300.022
300.014
300.019
300.061
300.007
300.019
300.036
300.059
300.017
300.043
300.062
300.025
300.042
300.038
300.048
300.033
300.03
300.042
300.012
300.006
300.05
300.059
300.024
300.04
300.035
300.012
300.016
300.04
300.012
300.015
300.025
300.04
300.047
300.004
300.002
300.004
300.03
300.025
300.018
300.001
300.028
300.026
300.01
300.02
299.992
300.014
300.033
300.026
300.045
300.025
300.064
300.02
300.028
300.049
300.034
)
;
    }
    adiabaticPlanes
    {
        type            fixedGradient;
        gradient        uniform 0;
    }
}

