/*--------------------------------*- C++ -*----------------------------------*\
| =========                 |                                                 |
| \\      /  F ield         | OpenFOAM: The Open Source CFD Toolbox           |
|  \\    /   O peration     | Version:  2212                                  |
|   \\  /    A nd           | Website:  www.openfoam.com                      |
|    \\/     M anipulation  |                                                 |
\*---------------------------------------------------------------------------*/
FoamFile
{
    version     2.0;
    format      ascii;
    arch        "LSB;label=32;scalar=64";
    class       volScalarField;
    location    "0";
    object      relativeErrorField;
}
// * * * * * * * * * * * * * * * * * * * * * * * * * * * * * * * * * * * * * //

dimensions      [0 0 0 1 0 0 0];

internalField   nonuniform List<scalar> 
3200
(
0.000492167
0.00423475
0.00270745
0.00449979
0.00454062
0.00808031
0.0136905
0.00650098
0.0058252
0.00889099
0.00724422
0.00786787
0.00524828
0.00229414
0.00451607
0.00480831
0.00904727
0.0013517
0.00752206
0.0145178
0.00195048
0.00104419
0.00922868
0.00323759
0.00499037
0.0133034
0.000227904
0.0027083
0.00227715
0.00504113
0.00451376
0.0115661
0.00742568
0.00887398
0.00563767
0.00414537
0.0049761
0.00834869
0.00614075
0.00778728
0.00966595
0.00104366
0.00025046
0.00594497
0.00442234
0.00597419
0.00147538
0.00467785
0.00725342
0.000679741
0.00710516
0.00302168
0.00773688
0.00240342
0.000108097
0.011262
0.000900331
0.00901003
0.00941683
0.0119791
0.000205415
0.003663
0.000213088
0.00616125
0.0138363
0.00973115
0.00248544
0.00544441
0.00710687
0.0046267
0.000207712
0.00449058
0.0085973
0.00600733
0.00385015
0.00245498
0.00335433
0.0121865
0.00802745
0.00920427
0.00791241
0.00226014
0.00492551
0.00679267
0.00446177
0.00198334
0.000519377
0.00622957
0.00247309
0.00591009
0.0109703
0.00549604
0.00650732
0.00104505
0.00232882
0.000678795
0.00935362
0.00791571
0.00548293
2.27073e-05
0.00733654
0.00378616
0.00889754
0.00250092
0.00760834
0.0111512
0.00202506
0.0107789
0.00267943
0.00313753
0.00231475
0.00591198
0.0135056
0.0050691
3.20136e-05
0.00599041
0.0019217
0.00191709
0.00435746
0.000228436
0.00647558
0.000444884
0.00162179
0.00207558
0.00341235
0.0049621
0.0137232
0.00341703
0.00786106
0.0010297
0.00545859
0.00776968
0.0136278
0.00755111
0.0175272
0.00359459
0.0041967
0.00741834
0.00218965
0.00660894
0.00432165
0.0081975
0.000479312
0.00953021
0.000274417
0.00312763
0.00394393
0.00382085
0.00120935
0.00149868
0.00550654
0.00301103
0.00868951
0.000966999
0.00188346
0.00136216
0.00291155
0.0124618
0.010026
0.00508843
0.0143058
0.00393651
0.00423639
0.0157295
0.00830329
0.0103332
0.00465195
0.00408394
0.0126297
0.00649276
0.0113768
0.00320942
0.00595132
0.0129489
0.00362272
0.00243532
0.00707124
0.00043617
0.00628347
0.00598132
0.000849998
0.00181086
0.0100577
0.00139191
0.00120342
0.00104596
0.00125308
0.00178379
0.00620587
0.000116052
0.00140516
0.00301976
7.72251e-05
0.00241479
0.00267364
0.0171554
0.000904491
0.00879567
0.000556765
0.00104942
0.00551048
0.00791409
3.60279e-05
0.000751126
0.00166129
0.00267254
0.00131603
0.00951125
0.0111651
0.00518944
0.0131111
0.00622703
0.0019133
0.00315776
0.00952582
0.0117157
0.00675754
0.00442399
0.00080363
0.00231976
0.00219251
0.0044172
0.0020192
0.00276234
0.002792
0.00592911
0.00739257
0.00516185
0.00607369
0.00275819
0.00547572
0.00365336
0.00789652
0.00412636
0.00393556
0.000978631
0.00202028
0.00605519
0.00222563
0.00898078
0.00245409
0.000623472
0.00729464
0.00238507
0.00358232
0.00391607
0.0128533
0.0123545
0.0072322
0.00380241
0.00513848
0.00122304
0.0108658
0.00035858
0.00886665
0.0117126
0.0023468
0.000593356
0.00385156
0.0131854
0.000699297
0.00652967
0.00413814
0.00944029
0.00440852
0.00354006
0.000401239
0.00605277
0.0138781
0.000486853
0.000938812
0.000794453
0.00206229
0.00373509
0.00447087
0.00202641
0.00337854
0.0049859
0.00353659
0.00651779
0.00236708
0.00584546
0.000233595
0.0012507
0.00639532
0.00896906
0.00841373
0.000339648
0.00143183
0.00464036
3.57788e-05
0.00342945
0.000624541
0.00731081
0.00662541
0.00181808
0.000448093
0.0018165
0.00137265
0.00554478
0.00343031
0.0066131
0.00411384
0.0060252
0.000607032
0.00259085
0.00609094
0.00338796
0.00428093
0.00727442
0.00235047
0.0004677
0.000554963
0.00033383
0.00443141
0.0103504
0.00386798
0.000526606
0.00442952
0.0103398
0.0183451
0.00737603
0.0137639
0.00139977
0.00638413
0.0117965
0.00599442
0.0142504
0.00181245
0.000870013
0.00436055
0.0142519
0.000710055
0.000816783
0.00901406
0.000466296
0.00235801
0.00623648
0.000180748
0.00301451
0.00318116
0.00478396
0.00343131
0.00236187
0.00442001
0.0027026
0.00221446
0.00778166
0.00598647
0.00321047
0.00750594
0.00269942
0.00633449
0.00173575
0.00268391
0.00577417
0.00158012
0.00364659
0.00457776
0.00285971
0.00604338
0.00294245
0.00370785
0.000493906
0.0020157
0.00393006
0.00448336
0.00494664
0.00973556
0.00618548
0.00475754
0.0120371
0.00246732
0.00621215
0.00248106
0.00775
0.00447477
0.0027108
0.00509943
0.00387802
0.00681322
0.0150898
0.00231518
0.00375561
0.00435876
0.000927591
9.49351e-05
0.00622224
0.00495956
0.00638942
0.00707623
0.0177433
0.0039649
0.00223772
0.000380246
0.00143052
0.00112224
0.00147493
0.00550687
0.00819368
0.0128238
0.00827
0.0051184
0.00502753
0.000452207
0.0107453
0.00390966
0.00324081
0.00252274
0.00958631
0.00321191
0.00760886
0.00310445
0.00258349
0.00589765
0.000528675
0.00203029
0.00658236
0.00391668
0.00411683
0.00251583
0.00356661
0.00948189
0.00689232
0.00251713
0.00682991
0.00892705
0.00223305
0.00863993
0.00628889
0.00954993
0.00724739
0.000489391
0.000464716
0.00308318
0.00354337
0.000514827
0.00122152
0.000571546
0.00459989
0.010719
0.00109124
0.00430553
0.000942391
0.00488603
0.00111537
0.00831403
0.00275039
0.00210539
0.000802607
0.00627423
0.00352154
0.000875497
0.00251978
4.76809e-05
0.000553182
0.00166177
0.00561792
0.00221638
0.000679176
0.0018271
0.00256721
0.00953272
0.00647246
0.00242411
0.010924
0.0136286
0.00115036
0.00391659
0.00385906
0.00113128
0.00494938
0.00476583
0.00864533
1.38147e-06
0.0011482
0.00313601
0.00333867
6.66261e-05
0.00269962
0.0111683
0.0124213
0.0020469
0.00370224
0.013316
0.00702697
0.00557479
0.000177951
0.00621003
0.00146687
0.00399846
0.00289888
0.0009896
0.00842522
0.00705586
0.00213857
0.00855265
0.00609791
0.00652448
0.0107076
0.00646726
0.00723416
0.00278037
0.00923067
0.00385162
0.000936218
0.000680187
0.00120809
0.0048907
0.000797885
0.00250143
0.000541264
0.000128463
0.00652395
0.00100911
0.00585212
0.000281073
0.00286984
0.00236764
0.00292859
0.0121781
0.00401495
0.00427765
0.0130139
0.00512933
0.00195559
0.00380241
0.00455762
0.000797952
0.00464931
0.00312378
0.00960277
0.00190153
0.00494818
0.00173253
0.00464571
0.0104093
0.00567134
0.00164039
0.00968868
0.00267567
0.000407187
0.00479845
0.00279348
0.00882241
0.0120863
0.000440053
0.00541612
0.00174442
0.0139224
0.0049569
0.0049556
0.00664253
0.00319367
0.00643911
7.6332e-05
0.00215549
0.00537401
2.028e-05
0.00338378
0.0125183
0.0101929
0.00225327
0.00450915
0.00742738
0.00469381
0.00224888
0.00668922
0.00475918
0.00692439
0.00601269
0.00610097
0.00219524
0.000313707
0.00197354
0.0104311
0.00515532
0.0138609
0.00719
0.00158623
0.0085186
0.0117725
0.00279294
7.37906e-06
0.00699117
0.00257627
0.000984332
0.00187859
0.00133156
0.00289625
0.00536036
0.010754
0.00560144
0.00801253
0.00657457
0.00284385
0.00229931
0.00623924
0.00343434
0.00240555
0.00118004
0.00629269
0.00913728
0.00712594
0.00205898
0.00235061
0.00252337
0.00582739
0.00223325
0.0021919
0.00237657
0.00387006
0.000354046
0.00141802
0.0017518
0.00144966
0.00322502
0.00683308
0.00287975
0.00376798
0.000932033
0.0027356
0.011792
0.00639153
6.53278e-05
0.00636762
0.00839704
0.00255068
0.00307088
0.00525773
0.00194907
0.0068261
0.00297979
0.00777149
0.00496648
0.00637296
0.00464507
0.00234128
0.000985929
0.00268966
0.0117853
0.00773877
0.0140175
0.00475766
0.0132366
0.00924739
0.000287738
0.000116319
0.00837173
0.00361297
0.00331323
0.00737008
0.000791454
0.00691941
0.00390719
0.000194464
0.00987945
0.00345254
0.00570846
0.00836449
0.00705356
0.0142043
0.00201945
0.0135525
0.0144623
0.0125594
0.00369023
0.00657258
0.00129482
0.00658066
0.00785831
0.0060409
0.00241974
0.00503447
0.00348619
0.00204296
0.0147373
0.0033101
0.00346542
0.00740444
0.0152034
0.00519434
0.00513277
0.00936231
0.00750948
0.00610453
0.0107968
0.000198607
0.000263256
0.0151475
0.000814336
0.00201722
0.00386593
0.00307367
0.00145983
0.00245802
0.00944211
0.00559859
0.00524761
0.00256546
0.00314681
0.00495749
0.00541198
0.0024759
0.0030743
0.00824666
0.0021245
0.00460644
0.000378819
3.47887e-05
0.00864949
0.00013551
0.0014874
0.000776837
0.00045129
0.00188154
0.000726231
0.00155893
0.00310933
0.000266705
0.00551632
0.00641724
0.00424587
0.00434755
0.0123769
0.00229676
0.00215025
0.0087914
0.00554775
0.000693069
0.00535269
0.00536024
0.00252502
0.0107521
0.0023122
0.00567991
0.00278276
0.00196454
0.00952649
0.0145583
0.0106981
0.0119997
0.0104829
0.00123334
0.00768768
0.00745542
0.00127335
0.00256627
0.000990845
0.0149634
0.00625273
0.000269518
0.00011776
0.00960589
0.00629452
0.00598414
0.00160629
0.00109136
0.00557844
0.00765254
0.000805213
0.00362349
0.00392445
0.010209
0.00576528
0.00894535
0.00385418
0.00393857
0.00134247
0.00527379
0.00103382
0.012897
0.00870412
0.00435874
0.00827309
0.00560055
0.00223725
0.00539787
0.0101233
0.00109202
0.000403292
0.0148936
0.000551867
0.00517404
0.00359704
0.00356146
0.0123141
0.0111357
0.000852857
0.00298576
0.00120436
0.00145456
0.00498255
0.00380571
0.00230826
0.000412533
0.00728054
0.00501965
0.0062382
0.00336167
0.0172951
0.0149443
0.0187337
0.00510286
0.0117935
0.00850821
0.00705332
0.00734444
0.00226019
0.00923243
0.00651155
0.00267718
0.00534865
0.00613605
0.00756188
0.00247235
0.0087136
0.00227873
0.00774529
0.0130123
0.0135181
0.00350994
0.0132982
0.00761813
0.00556344
0.000239126
0.00233131
0.000164206
0.000611509
0.000695181
0.000659741
0.00457229
0.00165964
0.00598742
0.00060593
0.00935339
0.00113293
0.00526173
0.000694359
0.0162574
3.40762e-05
0.00482698
0.0100684
0.00499044
0.00379382
0.0100425
0.0137436
0.00248891
0.00474047
0.0149679
0.00811716
0.00825667
0.00150503
0.00683646
0.000432855
0.00239009
0.004576
0.0048369
0.00156613
0.00476642
0.0167609
0.0099917
0.00367316
0.0203354
0.0113764
0.00380776
0.00648371
0.00141021
0.0107778
0.00566397
0.000673469
0.00840928
0.00722825
3.62762e-05
0.00716697
0.00445855
0.00235433
0.00754704
0.00778948
0.00085276
0.00376026
0.0025442
0.00223213
0.00217235
0.0077175
0.0078671
0.00274237
0.0104435
0.00195703
0.00564189
0.00461633
0.00775727
0.00218579
0.00032533
0.00447398
0.0122889
0.00395662
0.00990863
0.00449957
0.0021561
0.00555097
0.000163984
3.94528e-05
0.00103062
0.00193511
0.00583882
0.00213134
0.00202351
0.00203875
0.00405757
0.00423764
0.00804339
0.00338487
0.00694373
0.00326004
0.00114884
0.00220001
0.0073852
0.0054102
0.00344912
0.00998647
0.00576734
0.0055062
0.00264983
0.00173027
0.00832171
0.00183826
0.00384911
0.00578178
0.00564684
0.00278651
0.00745606
0.00238189
0.00688842
0.00252136
0.00160884
0.00151868
0.000347906
0.00140031
0.00175866
0.00779348
0.0106078
0.00319874
0.00993892
0.0151498
0.00822613
0.00883184
0.000737252
0.00507922
0.00333549
0.000414494
0.000795255
0.00479985
0.000134185
0.000982859
1.50952e-05
0.00514975
0.00484894
0.00219725
0.00465481
0.0141959
0.00788393
0.0214936
0.00809947
0.00827576
0.00491219
0.00440426
0.00142212
0.0104415
0.00338328
0.0142118
0.00808046
0.00853467
0.00833618
0.00201444
0.00867811
0.00940281
0.00459535
0.00330546
0.0116595
0.000572008
0.00173551
0.0122419
0.00326723
0.012214
0.0180595
0.00884562
0.00144266
0.00539121
0.0129954
0.00377208
0.00275965
0.0069358
0.00424464
0.0135888
0.000691036
0.0015762
0.00584819
0.00769262
0.00431032
0.013731
0.0156045
0.0081159
0.0163321
0.00401943
0.0113346
0.00626741
0.0117204
0.00236836
0.0132807
0.00482018
0.00245944
0.0020122
0.00719713
0.0118416
0.007717
0.0046775
0.00247694
0.00369699
0.00847395
0.0117333
0.000691901
0.00140168
0.00595967
0.0120819
0.00512061
0.00428409
0.00371279
0.0101196
0.0126574
0.00628753
0.00156626
0.0124246
0.0110221
0.00440815
0.00221201
0.00177009
0.00772815
0.00948029
0.00860301
0.00630654
0.00779694
0.0107209
0.0123926
0.00611087
0.00134899
0.00081744
0.0081727
0.00512624
0.012331
0.00254942
0.00141029
0.000963556
0.00326551
0.000330766
0.000447614
0.00207732
0.00579459
0.008165
0.000828954
0.0050091
0.00104237
0.00323259
0.00663695
0.00376843
0.0167419
0.00103528
0.0137219
0.00421544
0.0100643
0.00728416
0.0053238
0.00136941
0.0015785
0.0103723
0.00615473
0.00274596
0.00212259
0.00685321
0.00385553
0.0048422
0.00626539
0.0125117
0.00353403
0.00122151
0.00239484
0.00418667
0.00650855
0.013722
0.0126138
0.0063354
0.00343796
0.000444579
0.00566386
0.0045833
0.0047844
0.0120456
0.00183413
0.00843758
0.00288119
0.00357311
0.000304423
0.0133782
0.00421056
0.00295697
0.00479007
0.00216057
0.00512845
0.0135202
0.00659629
0.000447036
0.00940063
0.00221597
0.00591267
0.00199055
0.00391126
0.000324627
0.00284436
0.010024
0.00455572
0.00119041
0.0153663
0.0110517
0.0123906
0.00746297
0.0190973
0.0124523
0.0208794
0.0156206
0.00575989
0.00886114
0.00152564
0.00820877
0.015111
0.0094065
0.00711643
0.00857921
0.00145386
0.000107835
0.0107136
0.00663003
0.00845011
0.00815159
0.00547226
0.0159719
0.00260183
0.00778872
0.000486549
0.0151837
0.00109656
0.000269417
0.00603036
0.000342745
0.0132623
0.000931795
0.00491397
0.00160671
0.0106347
0.00115018
0.004193
0.00550937
0.00461232
0.00940704
0.0171454
0.00566503
0.0108177
0.000561068
0.000345039
0.00482782
0.00137
0.00846876
0.00411411
0.0106304
0.000369614
0.00440425
0.00656718
0.00420116
0.00168689
0.00182295
0.00141748
0.00776286
0.00163241
0.00673113
0.00660644
0.00594076
0.00385528
0.00334461
0.0162419
0.00176409
0.00192348
0.0142527
0.00795405
4.59517e-05
0.00948847
0.000133044
0.00923938
8.05166e-05
0.00601975
0.0135574
0.00356087
0.00286153
0.0185419
0.00408324
0.00566219
0.00143266
0.00518737
0.0015784
0.00883454
0.00162138
0.00218378
0.00804721
6.33656e-05
0.00834874
0.000415305
0.00675509
0.000524245
0.0120166
0.000557239
0.00629317
0.00144079
0.00270476
0.00306193
0.0030677
0.00326614
0.00376152
0.00113075
0.0125926
0.00784564
0.000831854
0.0188871
0.0148141
0.00340161
0.00662869
0.00460521
0.00388299
0.00394389
0.00923794
0.00132704
0.00537061
0.00784663
0.00116637
0.00308482
0.0151435
0.00029236
0.0045062
0.00641516
0.00116488
0.00490526
0.00160167
0.00208853
0.00896051
0.000114097
0.0023246
0.00686604
0.00750157
0.0174841
0.00484233
0.00247197
0.00831249
0.00572429
0.0144785
0.00887712
0.00108418
0.00144363
0.00599416
0.00678119
0.0093025
0.0160216
0.000491801
0.00405989
0.00532357
0.000382767
0.000976759
0.010739
0.00964252
0.000385659
0.0121615
0.00678798
0.00585073
0.00220138
0.00993509
0.00805346
0.0108329
0.00839285
0.0159607
0.0075824
0.0172762
0.00913211
0.00528635
0.00609157
0.00977395
0.00854895
0.00329989
0.00926241
0.00639287
0.00398669
0.0172575
0.000584907
0.00346884
0.00349872
0.00408257
0.0104151
0.0199946
0.00910509
0.00740673
0.0188735
0.00484199
0.00644201
0.0131715
0.00135534
0.0102562
0.00937548
0.0164296
0.00300833
0.0105009
0.00218874
0.00941739
0.0061593
0.0162911
0.00833399
0.00743643
0.00706332
0.00670561
0.0132923
0.00541584
0.020956
0.00495682
0.00318351
0.000159815
0.0130467
0.00988995
0.00111949
0.00481307
0.00470758
0.00612786
0.00131232
0.00527951
0.00159398
0.00443029
0.00805377
0.00473625
0.0102715
0.0127421
0.00203452
0.00292416
0.00657029
0.0133538
0.00319743
0.00218376
0.00328982
0.010878
0.0110264
0.0109765
0.00472482
0.00388031
0.00286802
0.00580741
0.00477983
0.0143397
0.00442324
0.00750865
0.00180523
0.0028077
0.0120798
0.0031102
0.0172078
0.0065004
0.00938345
0.00478844
0.00533354
0.0123963
0.00141504
0.000809646
0.0105747
0.0132672
0.000113
0.012976
0.00277001
0.00314978
0.00632921
0.00719519
0.00169572
0.00997258
0.00335789
0.0140686
0.0149987
0.00415015
0.0100974
0.00620688
0.00186306
0.00802074
0.00433561
0.00640455
0.0114264
0.0178181
0.0031281
0.00181537
0.00410381
0.00432072
0.00689631
0.00116179
0.00718624
0.0028579
0.00162722
0.00610849
0.000796016
0.00725451
0.00835998
0.00235453
0.00551962
0.00447988
0.0103696
0.000779714
0.00012562
0.00194048
0.00755957
0.00640802
0.00408686
0.00241714
0.000302233
0.00495866
0.00133615
0.00063597
0.00562566
0.00076105
0.0016381
0.0132667
0.00246313
0.0106428
0.00083212
0.0029121
0.00676896
0.00152288
0.0017915
0.0074736
0.0112934
0.00988836
0.000516284
0.00144567
0.0033093
0.0105304
0.0107365
0.0145779
0.0148572
0.00820243
0.0099848
0.0127399
0.014197
0.0122178
0.00853513
0.00753378
0.00977504
0.00813703
0.0120879
0.0120346
0.0114782
0.0109899
0.00462205
0.000118152
0.00295903
0.0170742
0.00251598
0.013065
0.00323197
0.00263615
0.00218397
0.012161
0.0045471
0.00277251
0.00142765
0.000945079
0.0119374
0.00275858
0.0011037
0.00167456
0.000318441
0.00161109
0.000810672
0.00157517
0.00156045
0.00532578
0.00276044
0.00497646
0.0169281
0.0139265
0.00446905
0.0133632
0.00944848
0.0109829
0.00713501
0.000827337
0.00929364
0.00359707
0.00749109
0.0157763
0.0076167
0.00912002
0.00399567
0.000450157
0.0086921
0.000265134
0.00450458
0.00744234
0.00616357
0.0107118
0.00566257
0.0151802
0.00778772
0.00677487
0.00655288
0.00375881
0.0067782
0.0114414
0.00841093
0.014747
0.00524439
0.00483564
0.00288261
0.00629601
0.00374668
0.00284884
0.00539398
0.00112465
0.000949805
0.00745057
0.0152339
0.00762059
0.0121926
0.0122447
0.00831904
0.00923026
0.00398114
0.00403005
0.00601368
0.00680049
0.0114693
0.0048039
0.00114732
0.00363306
0.00403954
0.00275934
0.00188493
0.00936633
0.0084639
0.0111851
0.00351727
0.00173178
0.0125297
0.00176015
0.010929
0.0105309
0.000820844
0.000417356
0.00173567
0.00454076
0.000596208
0.00561389
0.00154967
0.00947182
0.0101099
0.00715517
0.000606477
0.00413337
0.00774366
0.00126007
0.000834532
0.000509192
5.53229e-05
0.000306837
0.0124277
0.00486953
0.00613787
0.0112895
9.12407e-05
0.00352077
0.0100925
0.00105718
0.00780474
0.00284839
0.00451639
0.00278912
0.00406881
0.000829572
0.00132704
3.21164e-05
0.00507524
0.00231967
0.00197411
0.00578187
0.00164981
0.00395501
0.00242103
0.00838485
0.000267858
0.00541616
0.0053529
0.00266958
0.0119028
0.00972854
0.00644702
0.0106211
0.00834902
0.0146598
0.0104493
0.00725852
0.0182524
0.00408199
0.0107213
0.0229969
0.0119653
0.001547
0.00119935
0.0061711
0.00487829
0.0102753
0.00872676
0.00787113
0.000277612
0.00147536
0.00593213
0.0234656
0.00265463
0.00537725
0.00824857
0.0123665
0.000314666
0.0192742
3.43177e-05
0.0168645
0.0025633
0.0013816
0.00592077
0.00111726
0.0112609
0.00169305
0.00493006
0.00162499
0.00823265
0.00135687
0.000846638
0.00341816
0.00375188
0.00749202
0.000980773
0.0164371
0.0100655
0.0150725
0.00606241
0.0101941
0.00320951
0.00745455
0.000185292
0.00924001
0.00462147
0.0177543
0.00676175
0.00670038
0.0159981
0.00261217
0.00383747
0.00209692
0.00842307
0.00211577
0.0149695
0.00699609
0.0025347
0.00544678
0.00284453
0.0179921
0.0110541
0.00687496
0.00178077
2.39778e-05
0.00110539
0.00636484
0.0073817
0.0029846
0.0153027
0.00151583
0.00774263
0.00435731
0.00137994
0.00564736
0.0171642
0.00838486
0.00953067
0.00357186
0.00364053
0.0151739
0.0118989
0.000344267
0.0188237
0.000451893
0.00481745
0.00814813
0.00554929
0.000351368
0.00029761
0.00392008
0.00688624
0.00678263
0.0109636
0.00251914
0.00794624
0.00322805
0.0030699
0.00731726
0.00638289
0.0125342
0.000574704
0.000236936
0.00158729
0.00824543
0.0050371
0.00268352
0.0133885
0.0043916
0.0115272
0.00646432
0.00229627
0.00541707
0.0118697
0.00937536
0.000507848
0.00334521
0.00147466
0.00634235
0.0019293
0.00270441
0.00380249
0.00603917
0.000786052
0.00396182
0.0100343
0.00227002
0.00113565
0.00186323
0.00261418
0.000168392
0.000318068
0.00627834
0.00236304
0.00327094
0.00453992
0.014448
0.00085373
0.00036205
0.0169477
0.0111747
0.0010273
0.000776281
0.00584003
0.00509773
0.00173813
0.00216726
0.00126693
0.000287927
0.00620128
0.00662475
0.00371096
0.00716154
0.00381292
0.0126216
0.00797698
0.00625598
0.00858324
0.00842066
0.0128322
0.00253046
0.0128547
0.00824367
0.00326459
0.0141136
0.00420601
0.0100407
0.00147949
0.00786994
0.000441941
0.00147706
0.00523761
0.00651645
0.00021929
0.00593415
0.00476523
0.0151546
0.0115276
0.0221526
0.0110262
0.00769984
0.00226799
0.00729973
0.0141981
0.00331194
0.00505589
0.00827757
0.0117695
0.00548857
0.00969946
0.00133079
0.00588901
0.00336402
0.000309592
0.00831602
0.0114832
0.00755093
0.00139531
0.00941976
0.00544677
0.00681755
0.0132588
0.00517028
0.0155876
0.00342964
0.00254921
0.000844502
0.00200125
0.000145117
3.96314e-05
0.00438488
0.00205985
0.00808583
0.00582281
0.00335716
0.00554343
0.0136229
0.00245419
0.0121022
0.00473103
0.00459314
0.00675583
0.0019221
0.0168719
0.00397339
0.00795818
0.0175443
0.0212199
0.00921301
0.000724932
0.00653537
0.00464715
0.000756259
0.00252759
0.00425336
0.00728566
0.0118029
0.00572787
0.000451289
0.00343486
0.0104015
0.0102872
0.00153719
0.00841803
0.00399459
0.0101898
0.00544584
0.00591654
0.00237001
0.00144803
0.00126121
0.00245317
0.00102527
0.00435491
0.00910037
0.00455745
0.00204407
0.00960916
0.00873816
0.006566
7.7116e-05
0.00286167
0.00703623
0.00949309
0.00591077
0.00451482
0.000673664
0.00191582
0.00355602
0.000255067
0.00594706
0.00258903
0.00868016
0.00436707
0.00155769
0.00120825
0.00388799
0.00309427
0.00246534
0.00417202
0.0024244
0.00249204
0.00568559
0.0136068
0.00188314
0.00120669
0.00145396
0.00355123
0.00453707
0.013676
0.000265039
0.00424195
0.0108677
0.0136682
0.00191886
0.00490255
0.00977181
0.00444513
0.000373444
0.00695208
0.00243266
0.00464158
0.00440986
0.0055329
0.0065817
0.00532552
0.00373973
0.00735492
0.00505598
0.00466935
0.00996067
0.00360029
0.000928874
0.000208202
0.00481913
0.0100757
0.00266135
0.00487711
0.0145194
0.00323756
0.00320787
0.00415315
0.0073764
0.00039355
0.0159776
0.0118929
9.64082e-05
0.00783513
0.00187229
0.00130323
0.00419955
0.00448071
0.000606136
0.00146784
0.00349066
0.00291245
0.000954133
0.00109691
0.0102824
0.000354899
0.00523183
0.0025865
0.00031639
0.00334062
0.00099095
0.00826112
0.000621346
0.0017939
0.0019147
0.0079725
0.000510748
0.000304306
0.00309497
0.00866272
0.00124545
0.000196859
0.00113941
0.00234991
0.00437551
0.00979769
0.00167726
3.22249e-05
0.00285951
0.00541378
0.00182003
0.00602019
0.00279676
0.0030977
0.00827967
0.0036146
0.00624937
0.000669403
9.46326e-07
0.00434191
0.00436765
0.00581189
0.00204357
0.00518878
0.00818361
0.00236971
0.00977508
0.00169328
0.00530621
4.68118e-05
0.00455357
0.00993557
0.00915206
0.00266679
0.00745569
0.00148339
0.0109623
0.00102826
0.000618095
0.00194855
0.000822186
0.00520486
0.00301738
0.00691989
0.0153867
0.00777217
0.00414251
0.00764828
0.00618409
0.00641986
0.0018373
0.0172858
0.00193018
0.00760435
0.00650146
0.00379361
0.00471685
0.00163713
0.0113589
0.00632707
0.0105955
0.0057703
0.00161464
0.00105263
0.00399716
0.00376019
0.000830998
0.00829877
0.00903075
0.0135689
0.000691928
0.000147106
0.000956707
0.0039049
0.00486362
0.000296967
0.00687787
0.0018472
0.00173443
0.000521136
0.00380371
0.00831338
0.000739397
0.00160027
0.000180439
0.00567116
0.00770493
0.00690004
0.0043711
0.00936452
0.00313197
0.00378748
0.00369579
0.00297085
0.00108922
0.00359491
0.00246283
0.00507185
0.00660415
0.011559
0.00399355
0.00398357
0.0077762
0.00181021
0.00332677
0.00651184
0.00192569
0.00780357
0.00652053
0.00782723
0.0129116
0.00407141
0.00424573
0.0011853
0.0104675
0.00294575
0.000417103
0.00463037
0.00857102
0.00321418
0.00231526
0.0122959
0.00568398
0.0074047
0.0153675
0.0130382
0.00769573
0.00587229
0.00706868
0.00587752
0.0119633
0.00783962
0.00894774
0.000163296
0.00246091
0.0167577
0.00296149
0.00330992
0.0010829
0.00300913
0.00128766
0.00215008
0.0024668
0.00365624
0.0184087
0.00776653
0.00185722
0.00506677
0.00468199
0.00737009
0.00643689
0.000912786
0.00018601
0.000330505
0.0150155
0.00777403
0.00106081
0.00100355
0.00172166
0.00880341
0.0115558
0.0096339
0.00912262
0.00179675
0.00177242
0.00214664
0.00036882
0.00547786
0.00121109
0.00913068
0.00192827
0.00742277
0.00556391
0.00246746
0.00480815
0.0052156
0.00034439
0.00774142
0.0002756
0.00392024
0.00167365
0.00652426
0.0111229
0.00750759
0.0103691
0.00197662
0.00145119
0.000120396
0.0058738
0.00437545
0.0041084
0.00256449
0.00416262
0.000514945
0.00713869
0.00180485
0.012498
0.000433597
0.00332164
0.00645709
0.00799195
0.000468244
0.00470509
0.0169615
0.00983999
0.00304623
0.0122076
0.000217032
0.00821006
0.0100186
0.00148519
0.00691173
0.00865671
0.0100925
0.00219986
0.00676891
0.000836761
0.0034823
0.00465485
0.00580034
0.000454409
0.0028863
0.00425554
0.00230527
0.00448615
0.00153902
0.00715266
0.0107472
0.00381439
0.00241477
0.00445811
0.00241015
0.000796139
0.00286686
0.00741398
0.00410882
0.00210139
0.0109175
0.00438973
0.00410844
0.00233758
0.00542826
0.00262432
0.00631764
0.0082557
0.00535349
0.00240834
0.00404544
0.000571464
0.00954673
0.00689444
0.00139028
0.0100297
0.00143358
0.00234491
0.00402896
0.00102191
0.0087313
0.00842607
0.00283455
0.00316711
0.00353343
0.00197686
0.00173734
0.009022
0.000750683
0.00496158
0.00744046
0.00569208
0.000639243
0.00548091
0.000911846
0.000151915
0.00591934
0.00256752
0.000464497
0.00566233
0.00744414
0.00463878
0.0014788
0.00175803
0.000810756
0.0123913
0.00446857
0.000105497
0.00182962
0.00896259
0.00918394
0.00102873
0.0037765
0.0065604
0.00514962
6.03262e-05
0.00911088
0.00688935
0.00720963
0.00901265
0.0139314
0.00243461
0.00821483
0.00810946
0.000571633
0.0102115
0.00115917
0.0053823
0.000830951
0.0039182
0.00108665
0.000837563
0.00101107
0.000336108
0.000947378
0.000324279
0.00909837
0.000925477
0.00194393
0.000648258
0.00384062
0.00294004
0.0141586
0.0137401
0.00792505
0.00476868
0.00333793
9.74347e-05
0.000611066
0.00266578
0.00597424
0.0109764
0.00348759
0.00306693
0.00650079
0.00174939
0.003024
0.00271227
0.00778937
0.00983041
0.00508592
0.00573931
0.0198638
0.00389952
0.00993568
0.00445054
0.00161302
0.0019662
0.000157548
0.00458093
0.00544768
0.00158447
0.00171956
0.00918505
0.00719671
0.00810135
0.00181873
0.00715045
0.00631978
0.00703555
0.00914598
0.00273258
0.00305001
0.00662911
0.0105791
0.00481816
0.00130987
0.00221955
0.00224436
0.00442727
0.00748018
0.00847003
0.00294744
0.000545037
0.00151083
0.0103464
0.00834728
0.014173
0.00742277
0.00572448
0.00109243
0.00329374
0.0037673
0.00224541
0.00550534
9.56142e-05
0.00766285
0.00573314
0.00120755
0.0131419
0.0111823
0.0134089
0.00777545
0.00214866
0.0131942
0.00542729
0.00514735
0.00135396
0.00680767
0.00352582
0.0103793
0.0052729
0.00741935
0.0091774
0.0026078
0.00495045
0.003322
0.0134834
0.00430059
0.00346214
0.0116246
0.00286865
0.000807779
0.00191294
0.00924851
0.0117427
0.00521938
0.00465799
0.000986353
0.00689069
0.00021836
0.0066343
0.000726312
0.00258264
0.0124871
0.00169558
0.00861661
0.00180886
0.00170034
0.00491237
0.00465298
0.000827017
0.00650787
0.0139912
0.00578654
0.00744694
0.00387925
0.00273066
0.000447657
0.00168332
0.00377851
0.00693785
0.0188102
0.0056844
0.00726643
0.000964495
0.00198388
0.00213524
0.0040989
0.000707942
0.00659888
0.00581385
0.00716373
0.00800622
0.00866542
0.00212461
0.00700442
0.00688695
0.0132841
0.0180092
0.0115173
0.0139972
0.0143092
0.00469978
0.0137626
0.00633382
0.00103027
0.000658277
0.0104597
0.000925863
0.000973684
0.00502413
0.00327151
0.0050067
0.0166237
0.00544033
0.00573962
0.0111597
0.0113709
0.00167303
0.0103462
0.0173176
0.00220918
0.0033394
0.00723311
0.00351757
0.00599775
0.000385634
0.00263891
0.00119394
0.000826271
0.00926691
0.000884272
0.00352513
0.00169852
0.00395922
0.00331627
0.00392931
0.00799058
0.0108508
0.0106895
0.00791334
0.00050869
0.00525929
0.00033604
0.0120222
0.00270448
0.00584845
0.00729077
0.00397088
0.00134481
0.0055395
0.00326512
0.00119131
0.00124595
0.00376049
0.00731081
0.0130387
0.00580313
0.00696218
0.00102908
0.0132627
0.0103842
7.77763e-05
0.00771664
0.00440575
0.00945028
0.00893216
0.00304034
0.00158034
0.00368158
0.00427891
0.00216243
0.00552111
0.00273922
0.00810522
0.00638681
0.0152365
0.00381539
0.00755431
0.0113198
0.00495368
0.000367897
0.00547883
0.0107615
0.010454
0.00204753
0.00175144
0.000159772
0.00051311
0.00796924
0.00305771
0.00144593
0.00280245
0.00557688
0.000149314
0.0115431
0.0045034
0.00607673
0.00637877
0.00411441
0.0102314
0.00500338
0.000467013
0.00306856
0.0160268
0.00357546
0.00893204
0.00247033
0.00383318
0.00446376
0.0027799
0.00565531
0.00443056
0.00445303
0.00512994
0.00532091
0.00143434
0.00323149
0.00712555
0.0150524
0.00343843
0.00299037
0.00599872
0.00287892
0.00367202
0.00452313
0.0106831
0.00686415
0.00405476
0.0028013
0.00655177
0.00661263
0.00109291
0.0018096
0.010001
0.0105341
0.0108847
0.00258671
0.00303266
0.00560411
0.0100601
0.0171655
0.0189856
0.0176818
0.0059639
0.00115342
0.00821485
0.00716254
0.00808898
0.00703467
0.00146098
0.0157657
0.00957726
0.0025376
0.0179301
0.0146024
0.0187907
0.0160923
0.0247036
0.0131966
0.0106876
0.00399575
0.0218509
0.000494344
0.00826831
0.00209563
0.00671316
0.00244534
0.00511615
0.00221262
0.00195133
0.00409994
0.00156348
0.00926797
0.00133738
0.0119548
0.000759179
0.0186619
7.12243e-05
0.0123628
0.0197889
0.0123029
0.0145438
0.0113512
0.011814
0.00508209
0.00480697
0.0127954
0.000323977
0.00990715
0.00695622
0.000965406
0.0138453
0.0112881
0.0130862
0.00876416
0.008993
0.0131303
0.0118095
0.0205422
0.00972879
0.0126054
0.0021077
0.0068381
0.00146345
0.00549807
0.00560296
0.000750542
0.00600962
0.00215426
0.00323274
0.0122767
0.0111764
0.00977363
0.00277812
0.0087983
0.0201643
0.0182952
0.00241561
0.0150614
0.0104494
0.000122097
0.0128307
0.0115989
0.00760958
0.00861073
0.00302213
0.01006
0.0030991
0.00161286
0.00252474
0.00579224
0.00658424
0.00588803
0.0128781
0.000279304
0.00987653
0.00863943
0.00451191
0.0159787
0.00447929
0.000280094
0.0158394
0.00155374
0.00314279
0.00502975
0.0042665
0.00711908
0.00848334
0.00149975
0.00262718
0.00156072
0.00838993
0.00567169
0.0069755
0.00324256
0.0112902
0.00981594
0.0135962
0.00628517
0.00377989
0.00577846
0.00716586
0.00747859
0.0127015
0.00812631
0.00214469
0.00535286
0.00540669
0.000658861
0.0106222
0.00236467
0.00265292
0.0137633
0.00391691
0.0081157
0.00675568
0.00652659
0.000143536
0.012157
0.00683858
0.000711141
0.00975634
0.00447348
0.0106357
0.00704764
0.000428671
0.00556909
0.00205318
0.00475332
0.00313543
0.00306396
0.00785086
0.00715353
0.011854
0.00652259
0.00502314
0.00850898
0.0107099
0.000662976
0.0240425
0.0226004
0.0225066
0.0179905
0.0123882
0.0153147
0.0106379
0.0237465
0.00778277
0.0101479
0.0112145
0.018613
0.00865177
0.0124869
0.0193983
0.0190453
0.00640915
0.0284278
0.0186387
0.0279346
0.0149331
0.0159874
0.0122786
0.0199342
0.0122464
0.00885345
0.0137701
0.0152929
0.0102046
0.0186059
0.018606
0.0118003
0.0103938
0.0104823
0.0101358
0.0260012
0.0115624
0.0236631
0.0248117
0.0247653
0.0181253
0.0194693
0.0176488
0.0126661
0.0121267
0.010886
0.0121873
0.00734961
0.0134288
0.015404
0.00878543
0.0106455
0.00731684
0.00996223
0.0111491
0.017026
0.0146916
0.0230525
0.0250034
0.0246386
0.015577
0.0121172
0.0109468
0.00707606
0.01378
0.0171089
0.0154929
0.0168383
0.00599115
0.0124428
0.0139718
0.0179747
0.0218632
0.0178481
0.0131646
0.0160108
0.0190429
0.0174104
0.0130591
0.0151333
0.0120523
0.0129268
0.0119315
0.0116776
0.00415273
0.0122931
0.00897205
0.00126746
0.0115762
0.00927425
0.0144682
0.00199371
0.0144127
0.0124101
0.00699419
0.0137303
0.0149462
0.0144713
0.0124296
0.0295139
0.00479585
0.00812214
0.0105781
0.00320139
0.00152194
0.00254831
0.00101629
0.00943054
0.00219438
0.00694944
0.00440671
0.000513138
0.00500159
0.00337396
0.0107683
0.00611792
0.0191766
0.0113679
0.0170507
0.0124051
0.0134938
0.00324169
0.00325913
0.0190367
0.00101673
0.0042792
0.00595101
0.0104676
0.000742828
0.000198093
0.00719001
0.00121612
0.0106771
0.0098503
0.0114371
0.00206561
0.000345587
0.00643864
0.013063
0.00103637
0.00783338
0.0112126
0.00415464
0.00294821
0.00261267
0.00346348
0.00667802
0.0033794
0.00461501
0.00816957
0.000703786
0.00480688
0.00577038
0.0010329
0.00301424
0.000475443
0.00522366
0.00476246
0.00236678
0.00586302
0.0209601
0.0285945
0.0208503
0.0229091
0.0117679
0.00708283
0.0212951
0.0173642
0.00857461
0.020428
0.00796117
0.0212753
0.0227452
0.0203721
0.0146431
0.0196039
0.0366355
0.0277293
0.0294188
0.0399952
0.0299781
0.00338278
0.0226595
0.00363371
0.0148907
0.00235569
0.0140214
0.000197427
0.00906501
0.00131834
0.000552557
0.0123497
0.0026511
0.0220196
0.00203802
0.0193466
0.00158982
0.0252776
0.000430952
0.0344182
0.0196516
0.0274589
0.0171737
0.0214847
0.0139771
0.0115348
0.0127494
0.00648098
0.0146444
0.0225539
0.0113044
0.0160902
0.00969165
0.0140456
0.0170189
0.0196106
0.0181059
0.0182581
0.0405482
0.0197162
0.00817419
0.0113525
0.0104679
0.0226719
0.0149687
0.0142038
0.0122056
0.0191595
0.0169468
0.0170832
0.00298562
0.0118195
0.0216045
0.0228715
0.0188238
0.0155329
0.0230205
0.0232407
0.0148049
0.0270866
0.00747245
0.0085287
0.0134219
0.0171804
0.0123132
0.00754314
0.00780831
0.0073551
0.0151627
0.000804431
0.0173768
0.0106306
0.00524109
0.00989943
0.0124413
0.0220286
0.00599274
0.00802698
0.0161162
0.0198225
0.00500528
0.000378183
0.0143086
0.00446501
0.00658741
0.012753
0.00511603
0.00104268
0.0155662
0.00817683
0.00829005
0.01272
0.00986211
0.000965206
0.00309044
0.00449523
0.00781956
0.00537802
0.0135772
0.00555281
0.00990067
0.00916342
0.00968997
0.0163037
0.00585112
0.00371953
0.00367335
0.000173179
0.00178212
0.00749595
0.00719779
0.00491725
0.00558476
0.0140625
0.0089823
0.0036653
0.0104069
0.0104
0.0118718
0.0168882
0.0108495
0.00433624
0.00446183
0.000796559
0.00123998
0.00717685
0.0022666
0.00790405
0.00587991
0.00402534
0.00712241
0.00284202
0.00726385
0.0106563
0.000574762
0.00346424
0.0141421
0.00175866
8.56108e-05
0.00237795
0.0338282
0.0314105
0.0288032
0.021223
0.0294269
0.0258565
0.0275924
0.023166
0.0213547
0.0173319
0.0245633
0.0258632
0.0264185
0.0207451
0.0262986
0.0246054
0.0268835
0.0359471
0.0348722
0.0380363
0.029415
0.0262614
0.0260571
0.0314438
0.0286985
0.0110051
0.0272637
0.00967787
0.0146031
0.0147109
0.0162962
0.0169913
0.0160014
0.0156014
0.0125809
0.026012
0.0256568
0.0276451
0.0300588
0.0391638
0.0179913
0.022382
0.0262471
0.023023
0.0239087
0.0200471
0.0212631
0.0127117
0.0111336
0.01728
0.0162516
0.0159998
0.0217378
0.0193192
0.0176307
0.0145668
0.0244257
0.0179995
0.0287588
0.0325613
0.0074394
0.0230438
0.0214227
0.0177214
0.0185315
0.0111545
0.0177393
0.0136747
0.00623382
0.0136145
0.00862416
0.0189179
0.0218622
0.00709394
0.0173761
0.0201707
0.0148154
0.0212817
0.0273278
0.0248681
0.0136049
0.0209534
0.0116799
0.0137264
0.00982016
0.00229382
0.00187518
0.0158458
0.0144391
0.00340332
0.00824061
0.0145775
0.00479302
0.00558864
0.0081924
0.0119651
0.0220571
0.0179387
0.0217055
0.0136251
0.0176852
0.0133649
0.00908331
0.0106285
0.00597836
0.00573528
0.00925619
0.0110023
0.0118305
0.0154725
0.0169951
0.0120459
0.0113474
0.00454081
0.00745126
0.0165725
0.0124946
0.0235547
0.0110867
0.0131372
0.00635563
0.0050254
0.010593
0.000593582
0.00191772
0.00893501
0.0145586
0.0121773
0.0118069
0.00508167
0.00873859
0.0109845
0.00354031
0.0190617
0.00020059
0.00546969
0.00741472
0.0104972
0.00572091
0.00509825
0.00028396
0.00341562
0.00541376
0.00402016
0.00318043
0.00661173
0.00513711
0.0044523
0.00534076
0.00927279
0.00119464
0.00890939
0.0058292
0.00343487
0.00151062
0.00981561
0.00529692
0.0016515
0.00210517
0.0150993
)
;

boundaryField
{
    hotSide
    {
        type            fixedGradient;
        gradient        nonuniform List<scalar> 
400
(
321.511
322.87
325.591
329.677
335.133
341.965
350.181
359.788
370.794
383.208
397.037
412.289
428.971
447.088
466.647
487.651
510.105
534.011
559.372
586.191
323.738
325.08
327.767
331.802
337.194
343.949
352.078
361.591
372.498
384.81
398.537
413.687
430.268
448.289
467.755
488.672
511.043
534.872
560.161
586.913
326.149
327.47
330.116
334.091
339.406
346.071
354.099
363.503
374.296
386.491
400.101
415.136
431.606
449.52
468.885
489.706
511.988
535.735
560.948
587.63
328.704
330
332.597
336.503
341.73
348.292
356.205
365.485
376.15
388.215
401.695
416.604
432.954
450.753
470.009
490.73
512.919
536.579
561.714
588.325
331.33
332.599
335.142
338.97
344.099
350.546
358.332
367.477
378.003
389.928
403.271
418.047
434.27
451.949
471.095
491.712
513.807
537.382
562.439
588.978
333.918
335.158
337.643
341.389
346.414
352.74
360.392
369.397
379.779
391.562
404.765
419.407
435.503
453.065
472.101
492.618
514.622
538.114
563.096
589.569
336.321
337.531
339.959
343.622
348.544
354.751
362.274
371.142
381.385
393.031
406.101
420.618
436.595
454.047
472.983
493.409
515.33
538.747
563.663
590.076
338.36
339.543
341.92
345.509
350.339
356.44
363.847
372.595
382.718
394.244
407.2
421.608
437.485
454.844
473.695
494.045
515.897
539.253
564.114
590.478
339.852
341.015
343.352
346.885
351.645
357.665
364.985
373.643
383.675
395.113
407.984
422.312
438.116
455.407
474.197
494.491
516.294
539.606
564.428
590.758
340.643
341.795
344.11
347.613
352.334
358.311
365.584
374.193
384.176
395.567
408.393
422.679
438.443
455.699
474.456
494.722
516.498
539.788
564.589
590.901
340.643
341.795
344.11
347.613
352.334
358.311
365.584
374.193
384.176
395.567
408.393
422.679
438.443
455.699
474.456
494.722
516.498
539.788
564.589
590.901
339.852
341.015
343.352
346.885
351.645
357.665
364.985
373.643
383.675
395.113
407.984
422.312
438.116
455.407
474.197
494.491
516.294
539.606
564.428
590.758
338.36
339.543
341.92
345.509
350.339
356.44
363.847
372.595
382.718
394.244
407.2
421.608
437.485
454.844
473.695
494.045
515.897
539.253
564.114
590.478
336.321
337.531
339.959
343.622
348.544
354.751
362.274
371.142
381.385
393.031
406.101
420.618
436.595
454.047
472.983
493.409
515.33
538.747
563.663
590.076
333.918
335.158
337.643
341.389
346.414
352.74
360.392
369.397
379.779
391.562
404.765
419.407
435.503
453.065
472.101
492.618
514.622
538.114
563.096
589.569
331.33
332.599
335.142
338.97
344.099
350.546
358.332
367.477
378.003
389.928
403.271
418.047
434.27
451.949
471.095
491.712
513.807
537.382
562.439
588.978
328.704
330
332.597
336.503
341.73
348.292
356.205
365.485
376.15
388.215
401.695
416.604
432.954
450.753
470.009
490.73
512.919
536.579
561.714
588.325
326.149
327.47
330.116
334.091
339.406
346.071
354.099
363.503
374.296
386.491
400.101
415.136
431.606
449.52
468.885
489.706
511.988
535.735
560.948
587.63
323.738
325.08
327.767
331.802
337.194
343.949
352.078
361.591
372.498
384.81
398.537
413.687
430.268
448.289
467.755
488.672
511.043
534.872
560.161
586.913
321.511
322.87
325.591
329.677
335.133
341.965
350.181
359.788
370.794
383.208
397.037
412.289
428.971
447.088
466.647
487.651
510.105
534.011
559.372
586.191
)
;
    }
    coldSide
    {
        type            mixed;
        refValue        uniform 300;
        refGradient     uniform 0;
        valueFraction   uniform 0.991591;
        source          uniform 0;
        value           nonuniform List<scalar> 
400
(
300.037
300.034
300.03
300.024
300.025
300.007
300.018
300.065
300.016
300.022
300.046
300.003
300.048
300.011
300.051
300.026
300.054
300.018
300.011
300.039
300.047
300.009
300.02
300.019
299.989
300
300.028
300.051
300.025
300.019
300.036
300.066
300.061
300.026
300.036
300.043
300.035
300.009
300.028
300.049
300.025
300.037
300.051
300.057
300.026
300.036
300.062
300.031
300.031
300.028
300.039
300.026
300.042
300.025
300.041
300.02
300.012
300.049
300.051
300.026
300.052
300.012
300.011
300.011
300.015
300.003
300.039
300.025
300.015
300.027
300.019
300.019
300.022
300.043
300.066
300.028
300.025
300.031
300.041
300.05
300.029
300.026
300.022
300.028
300.038
300.067
300.022
300.045
300.028
300.031
299.994
300.007
300.013
300.029
300.031
300.027
300.01
300.032
300.043
300.032
300.021
300.022
300.001
300.045
300.038
300.008
300.042
300.047
300.035
300.018
300.034
300.021
300.029
300.03
300.057
300.048
300.019
300.03
300.058
300.057
300.019
300.045
300.064
300.051
299.998
300.052
300.025
300.054
299.997
300.037
300.033
300.034
300.025
300.057
300.04
300.064
300.039
300.022
300.034
300.054
300.02
300.021
300.027
300.023
300.058
300.032
300.017
300.072
300.037
300.037
299.989
300.051
300.05
300.036
300.031
300.019
300.052
300.048
300.06
300.029
300.027
300.019
300.04
300.038
300.033
300.018
300.065
300.032
300.059
300.047
300.061
300.039
300.029
300.047
300.048
300.047
300.033
300.051
300.055
300.055
300.026
300.049
300.04
300.017
300.023
300.022
300.048
300.021
300.029
300.036
300.03
300.021
300.054
300.054
300.024
300.03
300.05
300.06
300.05
300.017
300.044
300.036
300.027
300.035
300.034
300.03
300.03
300.045
300.039
300.042
300.035
300.022
300.017
300.02
300.034
300.02
300.03
300.037
300.022
300.044
300.022
300.029
300.018
300.048
300.027
300.033
300.055
300.03
300.049
300.038
300.018
300.047
300.014
300.033
300.052
300.054
300.03
300.027
300.033
300.064
300.052
300.028
300.042
300.022
300.017
300.018
300.036
300.028
300.027
300.053
300.045
300.016
300.067
300.049
300.071
300.034
300.018
300.054
300.021
300.056
300.032
300.028
300.007
300.01
300.039
300.029
300.045
300.003
300.035
300.031
300.036
300.046
300.023
300.032
300.021
300.041
300.056
300.041
300.013
300.032
300.024
300.017
300.029
300.042
300.035
300.027
300.035
300.055
300.05
300.017
300.037
300.042
300.044
300.034
300.054
300.062
300.068
300.046
300.038
300.044
300.024
300.054
300.031
300.044
300.027
300.029
300.039
300.03
300.001
300.044
300.034
300.051
300.03
300.019
300.025
300.009
300.02
300.037
300.048
300.015
300.02
300.037
300.035
300.039
300.046
300.015
300.028
299.998
300.004
300.023
300.03
300.019
300.059
300.027
300.028
300.064
300.024
300.025
300.076
300.027
299.995
300.025
300.018
300.033
300.04
300.04
300.021
300.046
300.03
300.06
300.046
300.019
300.04
300.034
300.033
300.029
300.058
300.026
300.044
300.036
300.052
300.015
300.026
300.024
300.043
300.021
300.002
300.043
300.032
300.054
300.013
300.056
300.033
300.018
300.038
300.043
300.009
300.032
300.039
300.034
300.013
299.999
300.019
300.019
300.035
300.015
300.039
300.033
300.02
300.045
300.039
300.04
300.02
300.014
300.043
300.049
300.038
300.023
300.033
300.001
)
;
    }
    adiabaticPlanes
    {
        type            fixedGradient;
        gradient        uniform 0;
    }
}

