388.23363172931470899
375.10958881741271398
364.98033169525609765
358.85455697010769427
352.90380224510721519
353.40773853071812027
352.30728102219291031
351.60560440237003377
347.82198546885757651
350.3088949012546891
349.9092944653771724
349.67982445362389399
347.8351179357320575
349.27847980949616158
349.3413227374305734
349.48518731902373702
346.7657403540781047
349.02104737722493155
348.7426834632686905
348.62807557808832826
346.86089181002603254
349.91263958410257828
350.62856168223925124
351.04747082325792462
346.53694590717987012
350.52642677889775769
350.41466281065567046
349.91341576493709908
348.42613126958741532
350.86478467311422946
351.53140446384895768
351.70245054239865112
348.52602579225145973
351.49156470290921561
351.07913572940225322
350.88765127538880506
348.59228571663442153
351.72446466267837195
352.23490142952698534
352.72731051035282235
349.91481812999819567
353.20787466380897968
353.41273935860021993
353.55079319622336698
350.61227235971716709
354.19126066155718036
354.84448345501090216
355.01826631490666841
351.49405448264684537
357.64930247658617191
358.9025576266291182
359.67119317904615627
352.11599156656671994
358.57032449991095291
357.86821230922043924
357.40212041746030991
352.59464165218537346
358.21188646285406776
358.86043363059570765
359.2124712570591214
355.30031727705113553
357.28480610047523669
356.5019464229990831
355.85268635205318333
354.95890660771698322
355.67321865706350081
355.80004171896507614
355.75984564293042922
355.61445130803787151
358.52707759923458752
359.91151049578166976
360.61190322234523364
355.30741696179234168
360.14799180131979028
359.7869008142793632
359.46100454463970664
352.74639583620472649
358.33342277986503177
357.83322184521773579
357.62095357396879081
352.82554203232859891
358.79878202611905635
359.57388533856948243
359.9272342807467453
350.7576342024223095
357.44906268043945374
355.96317940344391673
354.77300142300771313
347.53114773446333174
353.35606982700863909
352.85769252332266888
352.50013757888524424
345.25627502601508922
351.05223158807490336
350.50361695685063523
350.15271294195230212
341.35498557856465141
346.99252828959100725
345.46976440894610505
344.43473375744906662
337.52304887850067416
341.89931244057822823
340.86604296855534812
340.05583561254178449
333.27452191399777348
337.35349322841926778
336.27465426260226877
335.37583952819875321
329.64064343711572747
332.10893548158173871
330.58970909637639579
329.65217612549560044
325.51413356725981885
327.74194535511492177
327.00660533438474431
326.58220709730670706
322.91031676974188258
325.96373938073202225
325.57631873886617768
325.4259213102059789
321.67704976350864854
324.20660920938348681
323.63162587530649716
323.42739640702211545
320.74832444863170622
321.88878094943083852
321.31955343557945071
320.8862180530693422
320.94351605153246965
322.00569476042187489
322.63067609453105433
322.87995403907518721
324.13043346124669597
324.95915109548383271
326.11251034161904272
326.63030105316482832
327.76677073289863529
329.21525835379662794
330.49340187334229313
331.19653639681780533
332.95194024118819698
335.82186096990449187
337.84977716554232074
339.08075559288073464
338.46777131281731954
341.2010475125914013
342.08711019034097944
342.42845894558439568
342.24682565884279484
346.35195121259954476
348.40068970941774751
349.43162258640290929
346.05440362904147378
351.96519804100142892
353.27351998470970784
353.9482433146187077
347.91724974835085504
353.49065297769635663
353.29286866174783199
353.02987486883449719
347.82793316198325329
354.75288301681308667
355.96302024515910034
356.3685316437529309
347.19256500825156309
354.16434408487106111
352.93816199934701672
351.86115981507310835
341.85146119954083588
348.58181175178856392
347.00055534337320751
346.15268181991655183
336.50505273827764086
340.71847424280809946
338.33212885442145534
336.71122475066204061
329.11075540909376969
332.89869323536061074
331.34005455274160568
330.56839196693300664
323.63985776185421628
327.06101980597105694
325.605410757494667
324.81228754045304186
319.93865781166687157
322.73683257566369775
321.92642424555191383
321.49375726199752989
318.62387418288466279
320.98047029701746169
320.90819541840215834
320.92105991518752717
320.38536632283887684
322.1570222170115585
322.83651603768180394
323.51637894956570562
325.27728125855503549
326.94088079410249748
328.59345724274027134
329.53172359753625642