/*--------------------------------*- C++ -*----------------------------------*\
| =========                 |                                                 |
| \\      /  F ield         | OpenFOAM: The Open Source CFD Toolbox           |
|  \\    /   O peration     | Version:  2212                                  |
|   \\  /    A nd           | Website:  www.openfoam.com                      |
|    \\/     M anipulation  |                                                 |
\*---------------------------------------------------------------------------*/
FoamFile
{
    version     2.0;
    format      ascii;
    arch        "LSB;label=32;scalar=64";
    class       volScalarField;
    location    "0";
    object      relativeErrorField;
}
// * * * * * * * * * * * * * * * * * * * * * * * * * * * * * * * * * * * * * //

dimensions      [0 0 0 1 0 0 0];

internalField   nonuniform List<scalar> 
3200
(
0.00148128
0.00012399
0.00074665
0.00305093
0.00845591
0.00657395
0.00580115
0.00579221
0.0025027
0.00495155
0.00292661
0.00336535
0.00811644
0.00824231
0.00190572
0.00632143
0.00423049
0.00343674
0.00182556
0.00335368
0.00311517
0.00132397
0.00461343
0.00282416
0.00454301
0.00426462
0.00998512
0.00240463
0.00322052
0.00515666
0.00241044
0.00515276
0.00186165
0.00639567
0.00227904
0.0040245
0.00070994
0.00837928
0.00166704
0.00480292
0.00908572
0.00304818
0.00138452
0.0112796
0.000313349
0.0014083
0.00518506
0.00378171
0.00714501
0.00467791
0.000104473
0.00560274
0.00445814
0.00408755
0.00201919
0.00564114
0.0101336
0.00406946
0.00737243
0.00246216
0.00231887
0.00689192
0.000840019
0.00160956
0.00703833
0.00518925
0.00226099
0.00589513
0.00156644
0.0102693
0.00582524
4.52924e-05
0.001443
0.00736067
0.00999616
0.000169059
0.00361282
0.000523844
0.000222163
0.00111372
0.00485569
0.000304758
0.00644904
0.00549473
0.00139524
0.00539224
0.00144754
0.00314685
0.00237325
0.000680545
0.000487336
0.00140541
0.00422403
0.00351463
0.00217997
0.000785385
0.00306795
0.00218568
0.00321948
0.00367424
0.00629343
0.0025203
0.000913161
0.00364366
0.00108226
0.00345875
0.00181147
0.00539419
0.00216699
0.00199724
0.00170275
0.00178522
0.00107751
0.00510427
0.00239725
0.000885723
0.00132676
0.00207802
0.00410051
0.00214295
0.00326298
0.000701587
0.00210491
0.00105754
0.000658843
0.00260808
0.00294569
0.00234626
0.00660841
0.00109717
0.000805397
0.00690852
0.00436208
0.00183564
0.00092153
0.00458329
0.0013083
0.00334852
0.00549811
0.000353094
0.00326361
0.00276247
0.00449042
0.00076584
0.00379652
0.0024177
0.00565546
0.000536217
0.00129525
0.00197796
0.00287708
0.00412837
0.00266912
0.0027106
0.00220937
0.00213532
0.00173521
0.00366002
4.08188e-05
0.00135656
0.00840159
0.00747913
0.000555821
0.00128416
0.00754997
0.00992797
0.00633059
0.0109326
0.00210131
0.00403504
0.00205809
0.00930265
0.00311485
0.00363106
0.00751392
0.00675511
0.00350359
0.00787772
0.00122564
0.00482558
0.0103024
0.000433705
0.00148697
0.000229597
0.00365886
2.07065e-05
0.00625881
0.000670685
0.000967311
0.000466213
0.000182599
0.00378156
0.000197163
0.00585544
0.000601708
0.00593205
0.00109332
0.00335526
0.00114196
0.00260112
0.00242101
0.00109154
0.00461403
0.00383688
0.0022379
0.00738223
0.00553679
0.00693249
0.00518894
0.00233989
0.00256972
0.00243122
0.00264982
5.86056e-05
0.00433671
0.000708192
0.00336091
0.00354684
0.000453803
0.00635199
0.00293088
0.0029379
0.00342796
0.00310512
0.00272765
0.00221552
0.00333435
0.00175803
0.00275676
0.00223132
0.000989153
0.000230672
0.00146851
0.0100717
0.0058046
0.00655478
0.00102006
0.000806964
0.000151468
0.00557395
0.00186985
0.000128279
0.0023568
0.000288026
0.00762801
0.00185778
0.00978969
0.0045206
0.00064728
0.00418854
0.00256896
0.00714034
0.00646035
0.000973708
0.000888402
0.00126515
0.00146125
0.00220203
0.00332756
0.00297417
0.0025158
0.000894659
0.00266197
0.00296294
0.00537381
0.00672495
0.00258759
0.0024207
0.00365567
1.11936e-05
0.000815678
0.00529395
0.00137401
0.00248434
0.00210561
0.000413356
0.00230687
0.00140997
0.000741564
0.00476369
8.42491e-05
0.0011136
0.00133414
0.00272703
0.00246427
0.00173807
0.0066633
0.000488747
0.000632345
0.00335696
0.00206079
0.0016851
0.00191175
0.00122325
0.00621905
0.00409013
0.000948289
0.00229096
0.00123219
0.00167248
0.000893428
0.0018224
0.00506723
0.00131606
0.00282334
0.00239119
0.000969071
0.00692136
0.0024439
0.00249567
0.00239238
0.000215632
0.000192175
0.00334481
0.000658389
0.00628015
0.00383157
0.00342023
0.00341896
0.000600694
0.00737165
0.00685056
0.00045991
0.00203362
0.00530342
0.00443446
0.00236579
0.00675244
0.00517968
0.0052288
0.00523528
0.000585803
0.0079113
0.00117357
0.00585691
0.00450928
0.00196564
0.00579194
0.008727
0.00361255
0.00892412
0.00012163
0.00475944
0.00535426
0.0053835
0.00399781
0.00402038
0.00354832
0.000843376
0.00464761
0.00154985
0.00229856
0.00462084
0.00706765
0.00515685
0.00612373
0.00232303
0.00250598
0.0019038
0.00351991
0.005063
0.00638525
0.00372725
0.00337142
0.00511809
0.00634457
0.00519003
0.00687796
0.00108723
0.00215217
0.00412492
0.00403236
0.00624519
0.00356048
0.00528167
0.00603398
0.000472536
0.00101552
0.00187838
0.000268543
0.00121546
0.0014626
0.000106445
0.00147427
0.00181539
0.00530817
0.00175473
0.00129903
0.00106018
0.00240566
0.00246945
0.000395006
0.00161294
0.00223465
0.0050837
0.00357572
0.00574585
0.00360117
0.007877
0.00255133
0.00299845
0.00430008
0.000957184
0.000230283
7.05912e-05
0.00298806
0.00216991
0.00323422
0.00581141
0.00685353
0.00916984
0.00269162
0.00136473
0.00262167
0.00510572
0.00229188
0.00363377
0.00103358
0.0036327
0.00148573
0.00477577
0.00461024
0.0031292
0.00512249
0.00504005
0.0035165
0.0070195
0.00317562
0.00421742
0.00200567
0.00198677
0.00168345
0.00129699
0.00787298
0.00108366
0.00273288
0.000386608
0.00400602
0.00484849
0.00284091
0.000187529
0.00148143
0.00198309
0.000616524
0.000974996
0.00152837
0.00445862
0.00240523
0.00139731
0.00340488
0.00321746
0.00121518
0.00197691
0.00449955
0.00676353
1.41105e-05
0.00269495
8.7809e-05
0.00107681
0.000499884
0.00200639
0.00376187
0.00423288
0.00122721
0.00055072
0.00164182
0.000568126
0.00300279
0.00523847
3.8373e-06
0.00166764
0.000339142
0.000295833
0.00368249
0.00444015
0.00741152
0.00194439
0.00386025
0.000998951
0.00274858
0.00611899
0.00342841
0.00465409
0.00738372
0.00591561
0.00459922
0.00477819
0.00552996
0.00384548
0.00252677
0.00134895
0.0025674
0.0001609
0.00412216
0.00329194
0.000375926
0.000833928
0.00220894
0.00118822
0.00343765
0.00504377
0.00019017
0.000968509
0.000282903
0.00516084
0.00180443
0.000283847
0.000799572
0.00298247
0.000153576
0.00105838
0.00323134
0.00124752
0.00389118
0.00176239
0.00535528
0.000961303
0.00318507
0.000173075
0.00275034
0.00207693
0.00634282
0.00285728
0.000698131
0.00411422
0.00332949
0.00175959
0.00306571
0.00149758
0.00571943
0.003524
0.00226349
0.00534336
0.0031296
0.00588538
0.0011813
0.00165378
0.00987435
0.00144522
0.00308964
0.00424357
0.00466742
0.004519
0.00280566
0.0027434
0.00132748
0.0018202
4.41598e-05
0.00147637
0.00642429
0.00245543
0.000545822
0.00301952
0.00248143
0.00537323
0.0018048
0.00274009
0.00153815
0.00109759
0.00171791
0.00276531
0.00437436
0.00146343
0.000611527
0.000105194
0.00257439
0.000622009
0.00336952
0.00156034
0.000870123
0.0017877
0.00104748
0.000775328
0.000423698
0.000606706
0.000859351
0.00388838
0.000109603
0.00138345
0.00279916
0.00335866
0.00161453
0.00142459
0.00228788
0.00627755
0.00142164
0.000968927
0.00221193
0.00851161
0.00655606
0.00495649
0.00640672
0.00450717
0.00246924
0.00657902
0.00253497
0.00071626
0.00226651
0.0051727
0.00752425
0.00129421
0.00444685
0.00217745
0.00226767
0.00347986
0.000959193
0.00589315
0.00357126
0.0010416
0.00486048
0.00146022
0.000583559
0.00318001
0.000887782
0.00168205
0.00228632
0.000598006
0.00298393
0.00253925
0.0037193
0.000227887
0.00353326
0.000369466
0.0040695
0.00161816
0.00083574
0.00121124
0.00326128
0.0045782
0.00146751
0.000340242
0.00556323
0.00758996
0.0077164
0.00444634
0.00168618
0.00215935
0.00138105
0.00310443
0.00265005
0.0087025
0.00747302
0.00148991
0.00262852
0.00421047
0.0037372
0.00704012
0.00012638
0.000563529
0.00671814
0.00416131
0.00389473
0.000881598
0.00359035
0.00300191
0.00235971
0.0054441
0.00543989
0.000889986
0.00698527
0.00369461
0.00293013
0.00193319
0.00148695
0.00150576
0.000809096
0.00507239
0.00400378
0.00442787
0.000589119
0.000826253
0.00194376
0.00275664
0.00517192
0.00154516
0.0036328
0.00538236
0.000197918
0.00537253
0.00550932
0.000929223
0.00367134
0.000982231
0.00898382
0.00314793
0.00849141
0.00491854
8.67644e-05
0.00157984
0.00312725
0.00221968
0.0020033
0.0058981
0.00292822
0.00133031
0.00378628
0.00233864
0.002299
0.00117382
0.00588586
0.00289407
0.00427792
0.00227319
0.00018411
0.00488082
0.000589911
0.00688466
0.00276684
0.00214773
0.00158915
0.000531765
0.000328741
0.00521496
0.00392183
0.00166355
0.00114804
0.00184503
0.00101745
0.0035649
0.00932347
0.0044032
0.00237346
0.00200637
0.00480619
0.00341937
0.0052062
0.00204844
0.00190326
0.000672757
0.000127317
0.00155944
0.00229743
0.00558817
0.00033481
0.00291923
0.000592011
0.00295198
0.00110847
0.00297426
0.00422453
0.00539071
0.000404616
0.000961525
0.00475242
0.000538089
2.84382e-05
0.00296804
0.0037575
0.00445635
0.000628127
5.92379e-05
0.00234153
0.00931793
0.00512709
0.00590423
0.00458923
0.00363367
0.00215403
0.00243163
0.00117345
0.00245084
0.00228203
0.000216159
0.00058202
0.00143827
0.00242688
0.00579332
0.00499779
0.00464432
0.00201296
0.00315144
0.00117041
0.0021078
0.00246496
0.000499701
0.00264893
0.00195119
0.000590861
3.22158e-05
0.00618611
0.00288206
0.00166681
0.00342288
0.000555826
0.00359344
0.000216519
0.000713563
0.000797386
0.00229238
0.00353794
0.00623003
0.00139011
0.000492057
0.00209529
0.00126475
0.00212615
0.00508874
0.00078865
0.00431152
0.00463576
0.00781431
0.00608082
0.00432457
0.00116065
0.00164363
0.000194438
0.0071914
0.00128732
0.00557232
0.000928646
0.00130855
0.00262009
0.00409073
0.00066782
0.00385702
0.0010844
0.00362649
0.00577984
0.00830696
0.00225087
0.00352915
0.000228101
0.00430594
6.2928e-05
0.000540159
0.000272696
0.00143773
0.000100874
0.00250494
0.000831255
0.000663831
0.0019252
0.000957486
0.00304605
0.00325513
0.000131244
0.00123603
1.50934e-05
0.00144219
0.00397243
0.00130787
0.00199983
0.000140082
0.00382418
0.00108441
5.27545e-05
0.00427854
8.03263e-05
0.00310032
0.000829078
0.00235183
0.000683936
0.00413365
0.00295158
0.00025439
0.00416609
0.00146394
0.00130002
0.000514514
0.00733903
0.0011819
0.00194105
0.00358317
0.00290967
0.00506215
0.00101218
0.000757449
0.00763709
0.00777056
0.00174019
0.00199545
0.00320948
0.000379598
0.00384223
0.00261056
0.000179766
0.000517162
0.0042965
0.000670228
0.00650308
0.00210734
0.000563575
0.00303556
0.00340423
0.00104283
0.000766153
0.00292242
0.00128493
0.00189258
0.00490198
0.000998427
0.00143116
0.00368562
0.00207062
0.00294143
0.0010849
0.00177791
0.000708408
0.000648516
0.00200558
0.00371697
0.0026935
0.00297955
0.00287507
0.00779078
0.00267174
0.00388537
6.14585e-05
0.00332313
0.000135458
0.000158064
0.00251858
0.00437974
0.00054545
0.00201234
0.00365246
0.00636938
0.00145999
0.0016416
0.00234136
0.00497197
0.000371955
0.000642479
0.00451574
0.00142772
0.000408723
0.00306094
0.00760545
0.000247213
0.00293063
0.00275522
0.00357997
0.00129677
0.00408768
0.00157914
0.00497751
0.000402567
0.0047065
0.00330028
0.000980563
0.00596664
0.00190593
0.00369124
0.00188396
0.00460358
0.00222345
0.00117473
0.00314074
0.000455904
0.000177055
0.00217664
0.00274264
0.00240547
0.00226749
0.000272361
0.00519918
0.000619245
0.00137696
0.00155663
0.00578807
0.00558757
0.00717226
0.0057469
0.000502629
0.00274732
0.00179546
0.000652824
0.00150914
0.00268123
0.00141859
0.00236022
0.00287819
0.000988664
0.00476375
0.000166976
0.00158561
0.000296124
0.00206356
0.00164399
0.00867951
0.00531287
0.0058275
0.000193877
0.000715694
0.00109388
0.00046219
0.00353783
0.000793368
0.000568296
0.00435214
0.00670037
0.00279428
0.00307635
0.00149349
0.00103194
0.00168013
0.00175702
0.00397807
0.00275437
0.00085576
0.00591799
0.0025247
0.00488001
0.000808433
0.00453605
0.00225264
0.00243745
0.00196668
0.00165542
0.0050223
0.00199392
0.000228551
0.00101451
0.00245003
0.00122544
0.001052
0.00152667
0.00118112
0.00414265
0.00335846
0.00592796
0.00543707
0.00332772
0.00407991
0.00268954
0.00562621
0.00375794
0.00172318
0.0033298
0.00319262
0.00176691
0.0042286
0.00467807
0.00362139
0.00175131
0.00342718
0.00100005
0.00228148
0.0021943
0.00533078
0.00662644
0.00461591
0.00337452
0.00120649
0.000346748
0.00225923
0.000301582
0.00275211
0.000227685
0.00488349
0.00049814
0.00194063
0.000758398
0.00222889
0.00594364
0.00028695
0.000403337
0.00100715
0.00274578
0.00428275
0.00420697
7.90315e-05
0.00540579
0.0024234
0.000169848
0.000514664
0.001044
0.000354536
0.00218352
0.00396618
0.00256402
0.00181114
0.00179718
0.000292357
0.00326258
0.000770276
0.00376944
0.00141869
0.000111534
0.00631568
0.00491749
0.00524702
0.000541998
0.0030047
0.00496929
0.00270282
0.000382633
0.000355781
5.11859e-05
0.00380726
0.00048713
0.00294936
0.00238052
0.00263808
0.00719963
0.000590008
0.000409524
0.00132691
0.00465846
0.00432776
0.000955377
0.00275867
0.00177206
0.00198747
0.00338607
0.00413724
0.000343132
7.74944e-05
0.00209207
0.00554165
0.0052745
9.25327e-05
0.004596
0.000860589
0.0043187
0.00429827
0.00177894
0.00038896
4.95021e-05
0.00404361
0.0085552
0.00733705
0.00248039
0.00442446
0.00325735
0.00233587
0.000833461
0.00227936
0.00309713
0.00136931
0.00175486
0.00416288
0.00423165
0.00691653
0.00102912
8.47599e-05
0.000805587
0.000321986
0.00436497
0.00692397
0.00749779
0.00172743
0.00177078
0.000802491
0.00293012
0.00134179
0.00264186
0.00126769
0.00178254
0.000272807
0.000284312
0.00248286
0.00137602
3.55289e-05
0.00169582
0.0030706
0.000981016
0.000525067
0.000782976
0.00541533
0.0112422
0.0119772
0.00929208
0.00367804
0.00239104
0.000828533
0.00279888
0.00347033
0.0122765
0.00184588
0.00191261
0.0051784
0.000340021
0.00297056
0.000657978
0.000818085
0.00141556
0.00392244
0.00285858
0.00310246
0.00763886
0.00922749
0.000705172
0.00489468
0.00309688
0.00246957
0.000810992
0.000953689
0.00182475
0.00124726
0.00327885
0.00118207
0.00236337
0.00214853
0.00499169
0.000543832
0.00372088
0.000973385
0.00539462
0.00757073
0.0017452
0.00542232
0.00397326
0.00196919
0.00256747
1.80455e-06
0.00514523
0.000250929
0.00312164
0.00277426
0.00788647
0.0011519
0.00370438
0.00235795
0.00167908
0.00223133
0.00327586
0.000325104
0.00662419
0.00361021
0.00856458
0.000186029
0.00202994
0.00113518
0.0014853
0.000126042
0.00495477
0.000285259
0.000652941
0.00181056
0.0021024
0.000639287
0.00247904
0.00078376
0.00150064
0.000772456
0.000343235
0.000858209
0.000570947
0.00334952
0.000721911
0.0046647
0.000334455
0.00284689
0.00196105
0.00141161
0.00377115
0.000395942
0.00204076
0.00275471
0.00092465
0.00498878
0.0012494
0.00050011
0.000301549
0.0040448
0.00224908
0.00207997
0.000346327
0.000301873
0.00218956
0.00738892
0.000460535
0.000527011
0.00330583
0.00283438
0.00349893
0.00104671
0.00238249
0.000123163
0.00172901
0.00402475
0.00410985
0.00481949
0.00665217
0.00160822
0.0011027
0.00224847
0.00390149
0.00195126
0.0139954
0.00662409
0.00644168
0.0058057
0.00239712
0.0021264
0.00075694
0.00408683
0.00584717
0.00198418
0.00581957
0.00677573
0.00592677
0.00266333
0.00347543
0.00593764
0.00345739
0.000454414
0.00744061
0.00536286
0.00766792
0.00557649
0.00434613
0.00108449
0.00141648
0.0031482
0.00112826
0.00128478
0.00676039
0.00348752
0.00117776
0.00438284
0.00248875
0.00172877
0.00320204
0.00102617
0.00361571
0.000704499
0.00143429
0.00993916
0.0014127
0.00634756
0.00858982
0.00227707
0.00131578
0.0035087
0.00247407
0.00106798
0.00402878
0.00488242
0.00404589
0.00576656
0.000960004
0.00433493
0.00239018
0.00708817
0.00279446
0.00156667
0.00235253
0.0100399
0.0112694
0.000642027
0.00199097
0.00321046
0.0044337
0.000805794
0.00405552
0.00262845
0.000162612
0.00343521
0.00193089
0.0060035
0.0033539
0.00338027
0.0017324
0.00209064
0.00149698
0.00287332
0.00450092
0.00088689
0.00570724
0.00266585
0.000145419
0.00220421
0.00422605
0.00249534
0.00385204
0.00157758
0.00479613
0.00245092
0.00437681
0.00656265
0.00422302
0.00215823
0.00682311
0.0012002
0.00223227
0.00562344
0.000211636
0.00950897
0.000330361
0.00416046
0.000294597
0.0011658
0.00214243
0.00146992
0.00378295
0.00394652
0.00297734
0.00594386
0.000375608
0.0026756
0.00630809
0.00435379
0.000949642
0.00209586
0.00103619
0.000524559
0.00358904
0.00168862
0.00318484
0.00155635
0.000388484
0.000923966
0.00212746
0.00484539
0.00458679
0.00232402
0.00431443
0.000767288
0.00160005
0.00476256
0.000386667
0.00190725
0.00495126
0.00643549
5.75264e-05
0.00437498
9.18194e-05
0.000899377
0.00115749
0.000720064
0.00261222
0.00226382
0.00180607
0.00164308
0.001599
0.00121186
0.00466283
0.00374602
0.000104337
0.00223836
0.00108267
0.00563106
0.0023287
0.000904816
0.00172898
0.000296881
0.000475098
0.00362062
0.00865003
0.00599208
0.0038765
0.00335988
0.00795288
0.00313361
0.000178535
0.000275806
0.00613692
0.00949512
0.00824509
0.00322904
0.00345236
0.00251341
0.00231896
0.00587483
0.00362014
8.80443e-05
0.00141148
0.00311238
0.00930993
0.000213084
0.00497274
0.00208692
0.00269905
0.00089142
0.000978885
0.000105734
0.00234457
0.000622025
0.000567154
0.00943932
0.000432045
0.000478271
0.00162674
0.000334658
0.000268548
0.00651194
0.00111104
0.00383225
0.0105761
0.00243562
0.0060654
0.00144734
0.000638208
0.00734976
0.00235685
0.000395579
0.000240523
0.00204477
0.00600823
0.000811755
0.00850984
0.00306646
0.00390396
0.00153189
0.00344068
0.00729285
0.00503407
0.0059191
0.00246387
0.0059479
0.00263221
0.000421762
0.00125372
0.0052049
0.000487317
0.00691869
0.00100533
0.00634693
0.00268968
0.00310822
0.0073271
0.00196748
0.00433693
0.00330127
0.00157372
0.00365608
0.00534298
0.00865714
0.00374225
0.00140379
0.00158038
0.00667981
0.00445977
0.00120522
0.000774831
0.00143704
0.00104127
0.00117835
0.000802248
0.00700672
0.00437929
0.000951872
0.00313744
0.00105709
0.00314797
0.00502062
0.000296367
0.00183305
0.00323288
0.00163942
0.00158594
0.00165471
0.00232077
0.00193615
0.00689176
0.00095585
0.0033409
0.00208358
0.00167167
0.00255468
0.00597856
0.00126094
0.00183087
0.000516828
0.000302333
0.000237608
0.00285174
0.00472264
0.00458078
0.00202019
0.00485102
0.000775495
0.00201662
0.000508247
0.000419746
0.00254772
0.000188468
0.000301987
5.37339e-05
0.00252804
0.00135809
0.000542691
6.81027e-06
0.00150902
0.000261021
0.00197037
0.00306185
0.00236837
0.00162038
4.62871e-05
0.00403392
0.0010402
0.00188011
0.00238761
0.00370375
0.00721532
0.00440534
0.00269058
0.000869384
0.00143304
0.00125291
0.00239539
0.000890568
0.00176965
0.00206585
0.00111849
0.00234752
0.00459561
0.0111064
0.00683808
0.00223526
0.000170253
0.00673021
0.00545644
0.00205152
0.00413797
0.00587271
0.0062977
0.00637739
0.00458449
0.0100034
0.00359529
0.00211981
0.00171959
0.00198078
0.00504804
0.0010388
0.0140558
0.00898831
0.00166667
0.00684217
0.000588238
0.000555477
1.50131e-05
0.00203423
0.000917358
0.00691801
0.000574587
0.000204125
0.00668265
0.00243654
0.00522679
0.000553776
0.00335647
8.18242e-05
0.00381769
1.58511e-05
0.00654992
0.00817761
0.00760865
0.000508645
0.00611955
0.00352855
0.000352265
0.000716929
0.00293276
0.00125995
0.00389578
0.00643907
0.00635271
0.00443155
0.00700632
0.0049884
0.00161172
0.000838282
0.00289864
0.00487825
0.00986394
0.0115391
0.00549379
0.00395035
0.00451688
0.00691158
0.00604098
0.00488071
0.00248527
0.00203907
0.00230802
0.00197582
0.00623259
0.00332094
0.00421882
0.00471912
0.000580248
0.00136769
0.00258939
0.00573872
0.00767531
0.0111873
0.00438415
0.00297078
4.02567e-05
0.00189268
0.000925892
0.000495342
0.00397722
0.00456811
0.0052343
0.00240024
0.00163498
0.00287503
0.00072595
0.00391278
0.00195517
0.00246703
0.00427886
0.00366033
0.0072443
0.00867604
0.0023399
0.00425149
0.000123
0.0101796
0.00311691
0.002021
0.00864552
0.00103498
0.00167007
0.00337951
0.00397807
0.00213525
0.00316231
0.00443353
4.27378e-05
0.00181954
0.00466517
0.00390506
0.00181605
0.00240998
0.00170508
0.00305712
0.00331373
0.000839579
0.000624162
0.00419414
0.00100431
0.00212854
0.00729615
0.0016548
0.00679101
0.00229461
0.00104522
0.00116218
0.0066018
0.000907508
0.00229922
0.000437183
0.000794791
0.00307322
0.00485344
0.00836006
0.00209791
0.0018229
0.00692437
0.000927145
0.00515906
0.00317444
0.00161997
0.00164437
0.00380036
0.00196845
0.001598
0.00532
0.000677087
0.00141401
0.00167229
0.00345944
0.00848231
0.0093247
0.00575391
0.0120367
0.00468348
0.000139579
0.00595062
0.00109097
0.00102605
0.00548737
0.00192491
0.00799297
0.00365941
0.00167033
0.00535101
0.00156868
0.000903411
0.00218527
0.00246697
0.00335569
0.00999454
0.00627381
0.0101719
0.00178398
0.00117415
0.00594775
0.000464775
0.00337308
0.0053523
0.00176386
0.00245192
0.00623814
0.00637892
0.00542121
0.00395807
0.00381412
0.00880194
0.00497475
0.0035649
0.00726243
0.00999716
0.0118426
0.00194631
0.00299847
0.0061625
0.00211179
0.00392304
0.00888611
0.00439657
0.00261337
0.00184834
0.00626495
0.00505443
0.0058586
0.00468296
0.000406419
0.0012359
0.000357756
0.00828667
0.00395755
0.00721218
0.00459972
0.0140267
0.00353831
0.00619798
0.000855367
0.00196741
0.000111188
0.00639466
0.00565077
0.00715682
0.000413881
0.00167894
0.00511086
0.000545548
0.00112904
0.0024291
0.00303111
0.00253704
0.00284068
0.000284875
0.00096005
0.00123763
0.000104804
0.00247734
0.00228267
0.00235196
0.00493287
0.00860822
0.00408669
0.00159476
0.00360174
0.00108247
0.000507854
0.00162274
0.00546773
0.0001463
0.00104481
0.0071793
0.00416162
0.00691621
0.00384893
0.0014977
0.00319813
0.00562058
0.0029875
0.00116834
0.000620016
0.00206307
0.00187439
0.00482372
0.00254548
0.00280956
0.00123472
0.00249388
0.00319795
4.44237e-05
0.00407897
0.00800244
0.00791799
0.00325427
0.000508858
0.00390682
0.000722684
0.00258997
0.000471183
0.00216863
0.00266189
0.00191193
0.00238196
0.000329046
0.00549901
0.010417
8.94131e-05
0.00239293
0.00204639
0.00103754
0.00106107
0.000428587
0.000719912
0.00053051
0.00319588
0.00182077
0.00664448
0.00267708
0.00385201
2.16101e-07
0.000141648
8.72046e-05
0.00141174
0.00193793
0.00125562
0.00102217
0.00479248
0.000492873
0.000711648
0.0020965
0.00296155
0.000808471
0.000268028
0.00109768
0.0166543
0.00769716
0.00120719
0.00445383
0.00155036
0.00166061
0.00408431
0.00661705
0.00428241
0.00365688
0.00521952
0.00284226
0.00109379
0.00198355
0.000322968
0.0029511
0.00428401
0.0112121
0.00571352
0.00648645
0.00749568
0.0006886
0.000193503
0.000382375
0.000772601
0.000922606
0.00122484
0.000954531
0.00138823
4.93885e-05
0.000109352
0.000374095
0.000155138
0.00267328
0.000216895
0.00666713
0.00109024
0.00209869
0.00094141
0.00799555
0.00898434
0.00227348
0.00161766
0.00266511
0.00109233
0.00318172
0.000381451
0.00435129
0.000968851
0.000722521
0.00271207
0.00304232
0.00121239
0.00367068
0.00152793
0.00607807
0.0015417
0.000706668
0.00993068
0.0123166
0.00727764
0.00906241
0.00160391
0.000363175
0.0056296
0.00187212
0.000955631
0.00360422
0.00403767
0.0145907
0.00283821
0.00132473
0.00291579
0.000621174
0.00126436
0.00186085
0.00536013
0.00347651
0.00785414
0.00939098
0.00168733
0.00768559
0.00618861
0.00192018
0.00195094
0.0011103
0.00474619
0.000449479
0.00238095
0.00549278
0.000281543
0.00119496
0.0020995
0.00220379
0.000765964
0.00171718
0.0028799
0.00274453
0.00395068
0.00558558
0.00243831
0.00614675
0.000608283
0.00222329
0.000528054
6.68475e-05
0.00126545
0.00378164
0.00148784
0.000641498
0.00642278
0.00181475
0.0022139
0.00078846
0.00580517
0.00624222
0.000130203
0.00426394
3.7159e-05
0.00156785
0.00343004
0.00137532
0.00278114
0.00066241
0.0017802
0.00699664
0.00476772
0.00442741
0.000573087
0.00334457
0.000632432
0.00198521
0.00171589
0.000277097
0.00314662
0.00402981
0.00458399
0.00252113
0.000852908
0.000832469
0.000793228
0.000973541
0.000546846
0.00274102
0.000472523
0.00310984
0.00685857
0.00100939
0.00406824
0.00370427
0.0012784
0.00113197
0.00298837
0.000364206
0.000487054
0.0041353
0.00225392
0.000552412
0.00365293
0.00314532
0.0131712
0.00614616
0.00128945
0.00279938
0.00157366
0.0045167
0.000212244
0.0029508
0.00424999
0.00717685
0.00263904
0.00236594
0.00288222
0.00308214
0.0015038
0.00486961
0.00563542
0.000765611
0.00599469
0.00978884
0.0104387
0.00811822
0.00201608
0.00583859
0.000823564
9.29974e-05
0.000867482
0.00321264
0.00302038
0.0012418
0.00520095
0.00164058
0.00427122
0.00164215
0.00236049
0.00163022
0.00282551
0.00490112
0.00472226
0.00752139
0.00221303
0.00320585
0.00441393
0.00327493
0.00159866
0.000975931
0.00167846
0.00117047
0.001108
0.00662989
0.00551974
0.00233329
0.0065874
0.000434389
0.00105904
0.00106911
0.00678434
0.00214305
0.00301315
0.00701121
0.00344363
0.00381874
0.001345
0.00236079
0.00122638
0.0011999
0.000591576
0.00619783
0.000115456
0.000570586
0.00136675
0.000167028
0.00269882
0.000180561
0.00476857
0.00517385
0.00157955
0.00146504
0.0020142
0.00936725
0.010176
0.00102824
0.00430971
0.000548526
0.00675102
0.00438344
0.00747066
0.000241631
0.000963584
0.000254002
0.00546062
0.00279473
0.00556146
0.0012813
0.0031338
0.00115253
0.0010404
0.00116239
0.00613993
0.00256573
0.00397619
0.00158782
0.00091068
0.00475661
0.00704395
0.00107493
0.00388999
0.00448343
0.00356697
0.00200747
0.00298751
0.00238624
0.000502652
0.00322279
0.00319078
0.00314618
0.000497861
0.000915341
0.00110841
0.000841387
0.00443976
0.00462363
0.000673135
0.0012699
0.000768173
0.000706262
0.00267546
8.63594e-05
0.000356931
0.000714741
0.00312039
0.00284699
0.00443478
0.00307595
0.00178588
0.000787547
0.000369232
0.00472955
0.00228646
0.00693968
0.00275097
0.00698728
0.000986574
0.00199363
0.000522004
0.000478443
0.00444065
0.00250425
0.00414604
0.00429061
0.00488354
0.00274744
0.00177604
0.00693154
0.00180747
0.00458879
0.00117164
0.00130858
0.00358844
0.00232407
0.00800191
0.00744078
0.00623953
0.00445289
0.00160453
0.00111807
0.00187125
0.0015355
0.00114094
0.00164865
0.00543819
0.00125114
0.00117782
0.00215191
0.00112283
0.00191342
0.00138791
0.00751978
0.00502738
0.00650063
0.00659183
0.00103533
0.00405352
0.00110283
0.00010669
0.00101851
0.00204466
0.000433441
0.000237145
0.000499144
0.000920799
0.00431765
0.00209204
0.00432299
0.000773555
0.00397903
0.00173535
0.000784944
0.000366482
0.00137789
0.00951134
0.00553198
0.00526913
0.00222486
0.000651066
0.00241491
0.000374875
0.000496954
0.0029151
0.000536729
0.00145718
0.000885384
0.000208476
0.00123574
0.00257963
0.00228898
0.000263629
0.00373789
0.00640293
0.00578944
0.00554671
0.0050068
0.00118728
0.0014874
0.00310433
0.000914768
0.00475189
0.00696777
0.00282772
0.00296949
0.00052707
0.00358735
0.00347721
0.0021817
0.00275489
0.00481142
0.00212974
0.00278637
0.000270652
0.0069559
0.00266158
0.00247239
0.00444341
0.00294749
0.00149867
0.000592164
0.00209545
0.00225559
0.00330725
0.00595638
0.00276999
0.00312313
0.00255926
0.000308881
0.000339504
0.000598016
0.00357618
0.00294384
0.00026047
0.00809368
0.00274753
0.00290704
0.00402852
0.000836921
0.00144987
0.00340845
0.00156894
0.00312212
0.00342831
0.00109595
0.00269069
0.00340208
0.000542173
0.00110122
0.000230417
0.00208248
7.43107e-05
0.0026125
0.00709429
0.00304438
0.0042356
0.00188994
0.00137385
0.00298615
0.00379423
0.00112422
0.000613875
0.00244844
0.00323034
0.000347618
0.00174215
0.000971457
0.00247284
0.00120993
0.000588321
0.00421727
0.00336884
0.00116681
0.00129668
0.00189306
0.00503333
0.00287832
0.000197059
0.00369515
0.0031413
0.000391618
0.00222935
0.00348344
0.00406387
0.00764436
0.00503875
0.00211898
0.00116734
0.000261713
7.98811e-05
0.00197899
0.000662828
0.00388732
0.0043638
0.000827045
0.00184744
0.00442501
0.00177842
0.000599033
0.00137936
0.000644199
0.00418856
0.00289143
0.00512748
0.00567391
0.0032899
0.00366803
0.00278497
0.00358721
0.0037199
0.00467111
0.000551625
0.000909912
0.00452008
0.00421878
0.00400401
0.00465086
0.0023895
0.00213705
0.00229075
0.000386907
0.000325522
0.00215487
3.3828e-05
0.00209825
0.00271371
0.00301134
0.00108437
7.97191e-05
0.00210956
0.00770775
0.00203615
0.00523851
0.00306092
0.00614944
0.00536609
2.23187e-05
0.00141677
0.0032415
0.00268328
0.00318468
0.00158287
0.00285217
0.00482039
0.000258075
0.00510394
0.00381723
0.00294174
0.00305922
0.00196032
0.000383968
0.00298287
0.00405466
0.0018264
0.00405123
0.00537377
0.000587697
0.00225429
1.16105e-05
0.00485389
0.00344406
0.000624493
0.00362897
0.00223946
0.000953012
0.00670769
0.00149119
0.000529325
0.000160534
0.00088549
0.00107206
0.00106542
0.000289399
0.00329256
0.00148542
0.00791122
0.00152806
0.000537708
0.000379936
0.0065427
0.00205949
0.00334105
0.000715301
0.00320905
0.00190167
0.00324645
0.00273758
0.000952071
0.00382329
0.0005298
0.00107473
0.00144251
0.00532203
0.00295255
0.00479602
0.00133592
0.000513395
0.00083398
0.0020539
0.00135721
0.00137934
0.00064202
0.00117831
0.00309316
9.37031e-05
0.000575778
0.00202639
0.00189979
0.00374336
0.0041656
0.00130139
0.000922149
4.33554e-05
0.00457591
0.00284395
0.00447302
0.00473497
0.000595834
0.00104079
0.00251433
0.000794421
8.15117e-05
0.00207152
0.00136894
0.000762807
0.000445059
0.000829212
0.00491111
0.00461683
0.000612194
0.00229253
0.00320104
0.00169143
0.000494686
0.00133135
0.00618381
0.000779676
0.0072196
0.000138495
0.00377407
0.00234717
0.0024369
0.000841023
0.000559932
3.96719e-05
0.00310042
0.00462416
0.00350559
0.00271053
0.000436031
0.00571616
0.00320323
0.00260023
0.00277662
0.00351721
0.00748589
0.00476857
0.00393978
0.00223736
0.0035305
0.0049756
0.000626975
0.00618359
0.000605784
0.00260861
0.00742053
0.00415417
0.00412876
0.00720048
0.0046122
0.00521783
0.00174072
0.00187496
0.00163632
0.00326163
0.00193824
0.000208807
0.00352425
0.000852244
0.00586875
0.00136206
0.00468852
0.000908889
0.00301179
0.00106882
0.000654343
0.000955199
0.00153957
0.0044842
0.000227857
0.00399205
0.00239639
0.00319668
0.000984225
0.000350351
0.00352028
0.00390816
0.000198
0.00311724
0.00432927
0.00264387
0.0102794
0.00457605
0.00820112
0.00367571
0.00394773
0.00448078
0.0083399
0.00659215
0.00338528
0.00941466
0.000694193
0.000494079
0.000251802
0.00158459
0.00376348
0.00283888
0.00491167
0.0051122
0.00407946
0.00331843
0.00123682
0.000674474
0.0059146
0.00422587
0.00192329
0.000428118
0.00307826
0.000861157
0.00316417
0.00128111
0.00712998
0.000660814
0.00241924
0.00486607
0.000928088
0.00395821
0.00211363
0.000315983
0.000386149
0.002882
0.00619702
0.00114236
0.00839703
0.00400241
0.000543998
0.000683701
0.000208033
0.00323233
0.00177984
0.00534611
0.00573201
0.00268822
0.000172592
0.00296251
0.000459161
0.0002316
0.00312824
0.00329137
0.00615707
0.00115889
0.00323764
0.00261674
0.0031826
0.00176307
0.000303494
0.000593475
8.42782e-06
0.00135567
0.00149381
0.00182871
0.00270083
0.000789167
0.00395599
0.00870434
0.00280195
0.00196058
0.00528985
0.00237079
0.00549023
0.00290971
0.00316554
0.00294642
0.000277857
0.0012765
7.89467e-05
0.000397806
0.000929278
0.00121181
0.000149789
0.000226034
0.00403795
0.0028012
0.00310685
0.000873981
0.0080317
0.0019792
0.00268145
0.00283102
0.00349285
0.00235517
0.000347781
0.00127757
0.0012711
0.00105542
0.0035813
0.00297729
0.00022652
0.000555739
0.00067556
0.00205501
0.000302216
0.00602298
0.00123983
5.73175e-05
0.00340106
0.00198584
0.00369184
0.000552184
0.00205135
0.00130152
0.0068017
0.00255244
0.00288699
0.00363548
0.00626794
0.00764986
0.00972169
0.00558937
0.00685356
0.0076334
0.00349952
0.00213695
0.00566184
0.000780942
0.00619762
0.00132247
0.00241312
0.00267764
0.000886505
0.00240909
0.00324342
0.00658685
0.005073
0.0012815
0.00740795
0.00124293
0.00379488
0.00569996
0.00375422
0.00394346
0.00356765
0.0028192
0.00365102
0.00833218
0.00348497
0.000596967
0.00502169
0.00256534
0.0011184
0.00291848
0.00427985
0.00536232
0.00607178
0.00615291
0.00457827
0.00451897
0.00624917
0.00485087
0.0032662
0.00412477
0.000745765
7.90224e-05
0.000190634
0.00696134
0.0054033
0.00214427
0.00591306
0.00078995
0.0025234
0.00194897
0.00125423
0.00359279
0.00266822
0.0076497
0.00557656
0.00617874
5.59231e-05
0.00253036
0.00239275
0.00564883
0.00233552
0.000529273
0.00124992
0.00325714
0.000269687
0.000141972
0.00123499
0.00217539
0.000965609
0.00356617
0.00136571
0.00792494
0.00141861
0.00461113
0.00186728
0.00708998
0.00289368
0.00453846
0.00587695
0.00491663
0.00257338
0.000180505
0.00108491
0.00156519
0.00343461
0.00319506
4.73588e-05
0.00513705
0.00121398
0.00142829
0.000436557
0.000333359
0.00280819
0.00288828
0.000791646
0.00347181
0.00107375
0.00209282
0.000177744
0.00545085
0.0054954
0.00251492
0.00424929
0.00442516
0.00141189
0.00240991
0.000485481
0.00243282
0.00304257
0.00125921
0.0040338
0.000290179
0.000226823
0.00548938
0.000244993
0.00409867
0.00158777
0.00314557
0.000946719
0.0052622
0.00111321
0.00391607
0.00181112
0.000391046
0.00236756
0.000130097
0.000641855
0.00176231
0.00321656
0.0028934
0.00193681
0.000779127
0.00258767
0.00390389
0.001334
0.0043129
0.000921985
0.00228463
0.00273906
0.00155484
0.00146768
0.00762363
0.0009882
0.000898701
0.000215291
0.00100611
0.0031442
0.00173877
0.00611375
0.00585494
0.00224137
0.00675876
0.00351356
0.0106138
0.00549596
0.0116577
0.00568488
0.010927
0.00407882
0.00822474
0.00468794
0.00063175
0.00291664
0.000533525
0.00306097
1.06691e-05
0.00466555
0.000355697
0.00461285
0.00153503
0.00941279
0.000550971
0.00852739
0.00107774
0.00043083
0.00793223
0.000178233
0.00702378
0.00100276
0.00788748
0.000177646
0.00385496
0.000178153
0.00194581
0.00416831
0.00153313
0.000897018
0.000650153
0.00297574
0.00605727
0.00925261
0.00951299
0.0051119
0.0110772
0.00472521
0.00601919
0.0069417
0.00488935
0.00615305
0.00540487
0.0074678
0.0054669
0.0030299
0.000426274
0.000525807
0.00374836
0.00261303
0.00255014
0.00213741
0.00251402
0.00174906
0.00713107
0.00344035
0.00324043
0.00367596
0.00759722
0.00813359
0.00314426
0.00425652
0.00483499
0.00305467
0.000510276
0.0051776
0.00276506
0.000133045
0.00491445
0.000487867
0.00585658
0.0050191
0.00560883
0.00325725
0.00446473
0.00734779
0.00583628
0.0092573
0.00256913
0.00784043
0.00342564
0.000268913
0.0059327
0.00355345
0.000219359
0.00264804
0.000289792
0.0041036
0.00345677
0.00306293
0.000414839
0.0100521
0.0061651
0.00138901
0.000789599
0.00205531
0.00295575
0.00317055
0.00379627
0.000251327
0.00868477
0.00540265
0.00325978
0.00409784
0.000244316
0.00489827
0.00637977
0.000646557
0.0068417
0.000166646
0.000619775
0.000440353
0.00310516
0.00481647
0.000447419
0.00796832
0.000182015
0.00264727
0.00186849
0.00218894
0.00350004
0.000595379
0.000864169
0.000708792
0.00280215
0.00622956
0.000751883
0.000298261
0.000368943
0.000437817
0.00218765
0.000853594
0.00364332
0.00275019
0.00457981
0.00126185
0.00440073
0.00176831
0.000984382
0.00697944
0.00495855
0.00314124
0.000413048
0.00460867
0.00171924
0.00279631
0.00352187
0.00111227
0.00205605
0.00593207
0.00841939
0.00696321
0.00470215
0.00410653
0.00523267
0.0110579
0.0104952
0.00520028
0.0111844
0.0104548
0.0102896
0.0136742
0.0105103
0.00526087
0.00790812
0.00345723
0.00477924
0.00386224
0.0030055
0.00238357
0.00534716
0.00558901
0.0100092
0.00478128
0.0100885
0.00765551
0.0108492
0.00724091
0.00285102
0.00747814
0.00775223
0.0106497
0.00639278
0.00656119
0.00827067
0.00191101
0.00381217
0.000924944
0.00256909
0.00299224
0.00458611
0.0100321
0.00104152
0.00885395
0.00305062
0.00455796
0.00756573
0.0122926
0.0108907
0.00723134
0.0093848
0.00773804
0.00061977
0.00536687
0.000814239
0.00270745
0.000649244
0.00194096
0.00588005
0.00797668
0.00285653
0.0067225
0.00298701
0.00563297
0.00846152
0.00511777
0.0080587
0.00512206
0.00773514
0.00587255
0.0061023
0.00422077
0.00183816
0.00208486
0.00625069
0.0064302
0.000813149
0.000671901
0.00368248
0.00132085
0.0034479
0.005096
0.00137503
0.00406291
0.00567042
0.00523766
0.00332702
0.00710719
0.0042299
0.00919373
0.00496323
0.00757591
0.00259506
0.00944654
0.0100474
0.00451956
0.000572735
0.00616942
0.00399053
0.00470123
0.00249047
0.00387302
0.00335929
0.000814509
0.00951808
0.00576314
0.00459332
0.00327318
0.00893557
0.00174002
0.0058497
0.00666612
0.00222241
0.00516187
0.00180592
0.00278404
0.00437488
0.000417375
0.00188714
0.00136433
0.00217678
0.000881676
0.0016224
0.000768548
0.00204265
0.00216544
0.00157643
0.00199814
0.00143619
0.00497556
0.000894943
0.00335753
0.00253561
0.000344444
0.0063335
0.00130562
5.52096e-06
0.00264733
0.000739159
0.000706112
0.00200867
0.00914852
0.00672676
0.00296692
0.00319138
0.00533408
0.00363928
0.00418609
0.00137139
0.000462971
0.00208853
0.00168751
0.00853572
0.000144745
0.00504508
0.00338471
0.00110976
)
;

boundaryField
{
    hotSide
    {
        type            fixedGradient;
        gradient        nonuniform List<scalar> 
400
(
321.511
322.87
325.591
329.677
335.133
341.965
350.181
359.788
370.794
383.208
397.037
412.289
428.971
447.088
466.647
487.651
510.105
534.011
559.372
586.191
323.738
325.08
327.767
331.802
337.194
343.949
352.078
361.591
372.498
384.81
398.537
413.687
430.268
448.289
467.755
488.672
511.043
534.872
560.161
586.913
326.149
327.47
330.116
334.091
339.406
346.071
354.099
363.503
374.296
386.491
400.101
415.136
431.606
449.52
468.885
489.706
511.988
535.735
560.948
587.63
328.704
330
332.597
336.503
341.73
348.292
356.205
365.485
376.15
388.215
401.695
416.604
432.954
450.753
470.009
490.73
512.919
536.579
561.714
588.325
331.33
332.599
335.142
338.97
344.099
350.546
358.332
367.477
378.003
389.928
403.271
418.047
434.27
451.949
471.095
491.712
513.807
537.382
562.439
588.978
333.918
335.158
337.643
341.389
346.414
352.74
360.392
369.397
379.779
391.562
404.765
419.407
435.503
453.065
472.101
492.618
514.622
538.114
563.096
589.569
336.321
337.531
339.959
343.622
348.544
354.751
362.274
371.142
381.385
393.031
406.101
420.618
436.595
454.047
472.983
493.409
515.33
538.747
563.663
590.076
338.36
339.543
341.92
345.509
350.339
356.44
363.847
372.595
382.718
394.244
407.2
421.608
437.485
454.844
473.695
494.045
515.897
539.253
564.114
590.478
339.852
341.015
343.352
346.885
351.645
357.665
364.985
373.643
383.675
395.113
407.984
422.312
438.116
455.407
474.197
494.491
516.294
539.606
564.428
590.758
340.643
341.795
344.11
347.613
352.334
358.311
365.584
374.193
384.176
395.567
408.393
422.679
438.443
455.699
474.456
494.722
516.498
539.788
564.589
590.901
340.643
341.795
344.11
347.613
352.334
358.311
365.584
374.193
384.176
395.567
408.393
422.679
438.443
455.699
474.456
494.722
516.498
539.788
564.589
590.901
339.852
341.015
343.352
346.885
351.645
357.665
364.985
373.643
383.675
395.113
407.984
422.312
438.116
455.407
474.197
494.491
516.294
539.606
564.428
590.758
338.36
339.543
341.92
345.509
350.339
356.44
363.847
372.595
382.718
394.244
407.2
421.608
437.485
454.844
473.695
494.045
515.897
539.253
564.114
590.478
336.321
337.531
339.959
343.622
348.544
354.751
362.274
371.142
381.385
393.031
406.101
420.618
436.595
454.047
472.983
493.409
515.33
538.747
563.663
590.076
333.918
335.158
337.643
341.389
346.414
352.74
360.392
369.397
379.779
391.562
404.765
419.407
435.503
453.065
472.101
492.618
514.622
538.114
563.096
589.569
331.33
332.599
335.142
338.97
344.099
350.546
358.332
367.477
378.003
389.928
403.271
418.047
434.27
451.949
471.095
491.712
513.807
537.382
562.439
588.978
328.704
330
332.597
336.503
341.73
348.292
356.205
365.485
376.15
388.215
401.695
416.604
432.954
450.753
470.009
490.73
512.919
536.579
561.714
588.325
326.149
327.47
330.116
334.091
339.406
346.071
354.099
363.503
374.296
386.491
400.101
415.136
431.606
449.52
468.885
489.706
511.988
535.735
560.948
587.63
323.738
325.08
327.767
331.802
337.194
343.949
352.078
361.591
372.498
384.81
398.537
413.687
430.268
448.289
467.755
488.672
511.043
534.872
560.161
586.913
321.511
322.87
325.591
329.677
335.133
341.965
350.181
359.788
370.794
383.208
397.037
412.289
428.971
447.088
466.647
487.651
510.105
534.011
559.372
586.191
)
;
    }
    coldSide
    {
        type            mixed;
        refValue        uniform 300;
        refGradient     uniform 0;
        valueFraction   uniform 0.991591;
        source          uniform 0;
        value           nonuniform List<scalar> 
400
(
300.026
300.02
300.023
300.018
300.011
300.034
300.016
300.025
300.017
300.016
300.029
300.03
300.025
300.016
300.037
300.01
300.047
300.022
300.028
300.036
300.025
300.013
300.008
300.009
300.022
300.023
300.012
300.001
300.022
300.021
300.009
300.017
300.025
300.006
300.032
300.028
300.032
300.028
300.028
300.027
300.006
300.031
300.029
300.017
300.01
300.009
300.015
300.018
300.027
300.01
300.043
300.005
300.024
300.026
300.025
300.044
300.034
300.026
300.03
300.031
300.02
300.021
300.015
300.008
300.02
300.014
300.014
300.018
300.014
300.018
300.027
300.029
300.03
300.029
300.034
300.025
300.02
300.032
300.034
300.024
300.009
300.025
300.017
300.023
300.01
300.007
300.028
300.028
300.016
300.026
300.026
300.032
300.024
300.023
300.017
300.035
300.036
300.02
300.027
300.006
300.025
300.025
300.014
300.017
300.02
300.014
300.009
300.027
300.025
300.027
300.004
300.022
300.031
300.025
300.026
300.032
300.033
300.035
300.038
300.012
300.033
300.021
300.017
300.016
300.021
300.017
300.021
300.029
300.025
300.031
300.024
300.022
300.006
300.013
300.019
300.02
300.028
300.033
300.022
300.037
300.018
300.001
300.027
300.027
300.021
300.028
300.02
300.023
300.024
300.003
300.009
300.023
300.026
300.018
300.016
300.024
300.03
300.026
300.017
300.022
300.016
300.013
300.006
300.031
300.014
300.021
300.015
300.014
300.009
300.033
300.014
300.026
300.013
300.014
300.035
300.028
300.024
300.022
300.032
300.016
300.014
300.013
300.019
300.023
300.029
300.02
300.034
300.021
300.031
300.028
300.018
300.018
300.014
300.035
300.006
300.026
300.024
300.018
300.04
300.02
300.026
300.013
300.023
300.02
300.004
300.025
300.007
300.016
300.021
300.024
300.018
300.026
300.027
300.037
300.012
300.034
300.018
300.025
300.034
300.019
300.009
300.019
300.018
300.005
300.023
300.013
300.02
300.031
300.027
300.025
300.012
300.02
300.026
300.017
300.02
300.014
300.035
300.017
300.027
300.033
300.012
300.018
300.02
300
300.018
300.026
300.008
300.031
300.024
300.025
300.017
300.01
300.016
300.029
300.028
300.035
300.026
300.03
300.011
300.031
300.012
300.01
300.028
300.039
300.014
300.025
300.022
300.033
300.035
300.015
300.018
300.024
300.024
300.006
300.024
300.019
300.028
300.022
300.016
300.035
300.013
300.02
300.03
300.008
300.022
300.02
300.031
300.003
300.015
300.019
300.035
300.021
300.022
300.029
300.025
300.025
300.025
300.021
300.021
300.034
300.024
300.002
300
300.023
300.013
300.006
300.03
300.016
300.023
300.016
300.023
300.028
300.013
300.012
300.02
300.011
300.032
300.032
300.03
300.008
300.014
300.028
300.023
300.013
300.006
300.017
300.024
300.023
300.025
300.016
300.025
300.03
300.029
300.027
300.026
300.018
300.026
300.032
300.041
300.03
300.008
300.027
300.008
300.015
300.016
300.022
300.018
300.025
300.019
300.018
300.026
300.024
300.024
300.027
300.035
300.019
300.011
300.047
300.024
300.042
300.017
300.009
300.02
300.01
300.029
300.022
300.019
300.029
300.019
300.026
300.03
300.023
300.013
300.014
300.013
300.033
300.03
300.025
300.036
300.038
300.014
300.016
300.011
300.011
300.006
300.004
300.009
300.024
300.029
300.009
300.043
300.019
300.015
300.018
300.027
300.034
300.027
300.025
300.02
300.026
)
;
    }
    adiabaticPlanes
    {
        type            fixedGradient;
        gradient        uniform 0;
    }
}

