/*--------------------------------*- C++ -*----------------------------------*\
| =========                 |                                                 |
| \\      /  F ield         | OpenFOAM: The Open Source CFD Toolbox           |
|  \\    /   O peration     | Version:  2212                                  |
|   \\  /    A nd           | Website:  www.openfoam.com                      |
|    \\/     M anipulation  |                                                 |
\*---------------------------------------------------------------------------*/
FoamFile
{
    version     2.0;
    format      ascii;
    arch        "LSB;label=32;scalar=64";
    class       volScalarField;
    location    "0";
    object      relativeErrorField;
}
// * * * * * * * * * * * * * * * * * * * * * * * * * * * * * * * * * * * * * //

dimensions      [0 0 0 1 0 0 0];

internalField   nonuniform List<scalar> 
3200
(
0.00682924
0.00635649
0.00564645
0.00561636
0.0059766
0.00665938
0.0076267
0.00838088
0.00905828
0.00991072
0.010237
0.0104854
0.0103644
0.0100128
0.00992091
0.00987653
0.0104875
0.010961
0.0120379
0.0131683
0.00597768
0.00525252
0.00465263
0.00460332
0.00520224
0.00530579
0.00626392
0.0069442
0.0077744
0.00863102
0.00887271
0.00898538
0.00878606
0.00858792
0.00827764
0.00840956
0.00904384
0.00924693
0.010358
0.0112849
0.00477354
0.00452924
0.00412385
0.00370479
0.00399956
0.00480341
0.00537887
0.00583399
0.00669567
0.00728704
0.00724902
0.00745793
0.00741481
0.00718821
0.00710126
0.00716677
0.00736392
0.00782349
0.00873876
0.00943924
0.00394969
0.00345075
0.0031931
0.00318817
0.00326085
0.00379878
0.00411139
0.00477669
0.00509831
0.00566348
0.00622983
0.00611104
0.00618424
0.00599318
0.00569901
0.00561946
0.005832
0.00647605
0.00732468
0.0077662
0.00323002
0.00272401
0.00238744
0.00242259
0.00241498
0.0028866
0.00304037
0.00372623
0.00402037
0.00434759
0.00484103
0.00481721
0.00494832
0.00447326
0.00442515
0.00434683
0.0045877
0.00501918
0.00558469
0.00596829
0.00209476
0.00187521
0.00193522
0.00185702
0.00196659
0.00180315
0.00228868
0.00246365
0.00284784
0.00325471
0.00332518
0.00351744
0.00332776
0.00347891
0.00328347
0.00317241
0.00345997
0.00366536
0.00388926
0.00430612
0.00130958
0.00135195
0.00103547
0.00105206
0.000997793
0.00119603
0.00143259
0.00145708
0.00189608
0.00185154
0.00207638
0.00205231
0.0019206
0.00212546
0.0019692
0.00210159
0.00186685
0.00216277
0.00225968
0.00260073
0.000437669
0.000354246
0.000306279
0.000455274
0.000268341
0.000281582
0.000402378
0.0005393
0.000546566
0.00066744
0.000620526
0.000752973
0.000662151
0.00083465
0.000773149
0.000611245
0.000631522
0.000579721
0.000839885
0.0010856
0.00436901
0.00359536
0.0030584
0.00287082
0.00283777
0.00357263
0.00435419
0.00524046
0.00601468
0.00681987
0.00714981
0.00719268
0.0072855
0.00689431
0.00698396
0.00707451
0.00723562
0.00818874
0.00933439
0.0106642
0.00375917
0.00310223
0.00260497
0.00250762
0.0027108
0.00315847
0.00367729
0.00435509
0.00537787
0.00567855
0.00622866
0.00622161
0.00615993
0.00600065
0.00595229
0.00587425
0.00636953
0.00732373
0.00802401
0.00894517
0.00313339
0.00257594
0.00197029
0.00176366
0.00215792
0.0021741
0.00311494
0.00388877
0.00449734
0.00463562
0.00532771
0.00565088
0.00521625
0.00499311
0.00515704
0.00504938
0.00521086
0.00615671
0.00699405
0.00787919
0.00264798
0.00215571
0.0017728
0.00140561
0.00182321
0.00190994
0.00250219
0.00294808
0.00351768
0.00421774
0.00454652
0.00433409
0.00452361
0.00431605
0.00415512
0.00401715
0.00440308
0.00482647
0.00554939
0.00637874
0.00201407
0.00178126
0.00123919
0.00121356
0.00116836
0.00149407
0.00178047
0.00221088
0.00281608
0.00312483
0.00339522
0.00342703
0.00343057
0.00328078
0.00320618
0.00314336
0.0034471
0.00387376
0.00419985
0.00499406
0.00132495
0.00104293
0.000868585
0.000598227
0.00109259
0.00114063
0.00137601
0.00176985
0.0018345
0.00236156
0.00224993
0.00268403
0.00240679
0.00244482
0.00228928
0.00246392
0.00247395
0.00282771
0.00336237
0.00349347
0.000862344
0.000733803
0.000421222
0.000532869
0.000379241
0.000858135
0.000737091
0.00103012
0.00122493
0.00151731
0.0014793
0.00143424
0.00140359
0.00153463
0.00141209
0.0015325
0.00136289
0.00185953
0.00178573
0.00234024
0.00039495
0.00018529
0.000204367
0.000213629
2.8811e-05
0.000226445
0.000181097
0.000289134
0.000591014
0.000370917
0.000434678
0.000454933
0.000472159
0.000631561
0.00045058
0.000589493
0.000487505
0.000648193
0.000627371
0.000526527
0.00148437
0.000381863
0.000526786
0.000715274
0.000548387
8.88847e-05
0.00059381
0.00147915
0.00235941
0.00276525
0.00321869
0.00332871
0.00340721
0.00322096
0.00320541
0.00307667
0.00390685
0.00486233
0.00598082
0.00751924
0.00104574
0.000485683
0.000210923
0.000589901
0.00056021
3.07112e-05
0.000235735
0.00123536
0.00185741
0.00228727
0.00265825
0.00274177
0.00281875
0.00266499
0.00270763
0.00305909
0.00315642
0.0039711
0.0052674
0.00639807
0.00100138
0.000390029
0.000405522
0.000479344
0.00043508
0.000239596
0.000341444
0.000935002
0.00167011
0.00210457
0.00215965
0.00245056
0.00235213
0.00229221
0.00227171
0.00243343
0.00282133
0.00335671
0.00458901
0.00554171
0.000747116
0.00012089
0.000267957
0.000318194
0.00065227
0.000269438
7.85962e-05
0.000726892
0.00125537
0.00162272
0.00205829
0.00211008
0.00178742
0.00186656
0.00197546
0.00204976
0.00234645
0.00304661
0.00367897
0.00425493
0.000487734
2.19842e-05
0.000150655
0.000550267
0.000428138
0.0001814
0.00014734
0.000760976
0.000977172
0.00110772
0.00145003
0.00176759
0.0016236
0.00166513
0.00156092
0.00152668
0.00182478
0.0023856
0.00280798
0.00368054
0.0004695
5.34407e-05
0.000226123
0.000794511
0.000263532
0.000123146
0.000268277
0.000494724
0.000691016
0.00117327
0.000912601
0.00121583
0.000921438
0.000956795
0.000766789
0.00116133
0.00110399
0.00154152
0.00193101
0.00250769
0.000165033
0.000215334
0.000273618
0.000183832
0.000131829
0.000242845
4.11119e-05
8.55227e-05
0.000599735
0.000444934
0.000633704
0.000803715
0.000522803
0.000541323
0.000524053
0.000590062
0.00092715
0.00111158
0.00128345
0.00143974
9.55982e-05
0.000206057
2.74427e-05
3.11897e-05
0.000240601
4.90878e-05
8.3916e-05
3.25975e-05
3.54483e-05
3.32742e-05
0.000315886
0.000175641
0.00027846
9.74965e-05
0.000125237
0.000263298
0.000335103
0.000407886
0.000327378
0.00056969
0.00163029
0.00245349
0.00373922
0.00394466
0.00411647
0.00382315
0.00325446
0.0024828
0.00181829
0.00119378
0.000731374
0.00066476
0.000782918
0.000634777
0.000621193
0.000286062
0.00055715
0.0014658
0.00282339
0.00437975
0.00145212
0.00245744
0.00295282
0.0035773
0.0036746
0.00342531
0.00286745
0.00215514
0.00158575
0.00103795
0.000688469
0.000613583
0.000546758
0.000522779
0.000412821
0.000185349
0.000460457
0.00132556
0.00247392
0.00395622
0.00129969
0.00207684
0.00258927
0.00314418
0.00316922
0.00299292
0.00271421
0.00200222
0.00132978
0.000858206
0.00081256
0.000460459
0.000540415
0.000490846
0.000523651
0.000246597
0.000298458
0.00113629
0.00219737
0.00312989
0.00116444
0.00141517
0.00241643
0.00228537
0.00274218
0.00245724
0.00215093
0.00152173
0.00122868
0.00101663
0.000522273
0.000602419
0.000452872
0.000178148
0.000374076
0.000217406
0.000306594
0.000808229
0.00178281
0.00265687
0.000886787
0.00138104
0.0018005
0.00214021
0.00184995
0.00191374
0.00192208
0.00136204
0.0010436
0.000716013
0.000513361
0.00047238
0.000495901
0.000488605
0.000553913
0.000410982
0.000154308
0.000664196
0.00129901
0.00215429
0.000532825
0.00103662
0.00122798
0.00137081
0.00140335
0.00134284
0.00115238
0.000962341
0.000771388
0.000491254
0.000377028
0.000316809
0.00053569
0.000167533
0.000281586
0.000216195
0.000259426
0.000558694
0.000800392
0.00154531
0.000444327
0.000583345
0.000940205
0.00103538
0.00105617
0.00100064
0.000777013
0.000516896
0.000257997
0.000467569
4.90526e-05
0.00028863
5.27679e-05
2.05097e-05
0.000255863
0.000106772
0.000133573
0.000617754
0.000704271
0.00106047
0.000119683
0.000152613
0.00024886
0.000328155
0.00021388
0.000224082
0.000279511
0.000203257
7.70455e-05
0.000126987
7.88879e-05
6.08701e-05
4.87766e-05
1.60102e-05
4.26805e-05
0.000184533
0.000178089
6.54866e-05
8.43189e-05
0.000188078
0.00382992
0.00518638
0.00622095
0.00689651
0.00724152
0.00695512
0.00663082
0.0059121
0.00562398
0.00499369
0.00460339
0.00439087
0.00431684
0.00394972
0.00360463
0.0032888
0.00248876
0.0012796
0.000310116
0.00177992
0.00361382
0.00462842
0.00567706
0.00620961
0.00628654
0.00619964
0.00576642
0.00536965
0.00477316
0.0045563
0.00400004
0.00387178
0.00350659
0.00352631
0.00347561
0.00303026
0.00213407
0.00103541
0.000172557
0.00147307
0.00313494
0.0039245
0.00475186
0.00533645
0.00553772
0.00534323
0.00514941
0.00453426
0.00416429
0.00388951
0.00385461
0.00348522
0.00325221
0.00297307
0.00304067
0.00263225
0.00194074
0.000904507
0.000215215
0.00138162
0.00247975
0.00325765
0.0040396
0.00467044
0.0046531
0.00440792
0.00437808
0.0038506
0.00349768
0.0030915
0.00291391
0.00294721
0.00272131
0.0028109
0.00259362
0.0022001
0.00158329
0.000765922
4.65697e-05
0.00127613
0.0020481
0.00261404
0.00327769
0.00342092
0.00371136
0.00376109
0.00342659
0.00308716
0.00307214
0.00253551
0.00241979
0.00219751
0.00220422
0.00233996
0.00200648
0.00163915
0.00133602
0.000444562
5.85199e-06
0.000875441
0.00158013
0.00221631
0.00254001
0.00264385
0.00281682
0.0026678
0.00245717
0.00238643
0.00215084
0.00218503
0.00157462
0.00161307
0.00156659
0.00154945
0.00150737
0.00121397
0.00107705
0.000523444
0.000200755
0.000519581
0.000977324
0.0011045
0.00161452
0.00148853
0.00184614
0.00185552
0.00171921
0.00129015
0.00110583
0.00127754
0.000989214
0.00119005
0.000913386
0.000768308
0.00083436
0.00062669
0.000642602
0.000298259
2.1577e-06
0.000518382
0.000247475
0.000656274
0.000431871
0.000774335
0.000709712
0.000819313
0.000729034
0.000732247
0.000445261
0.000403304
0.00050333
0.000468181
0.000302792
0.000195743
0.000455219
0.000139697
0.000512681
0.00030694
7.08867e-05
5.86359e-06
0.00572843
0.00718297
0.00840079
0.00926785
0.0095566
0.00977656
0.009391
0.00895008
0.00857749
0.00806094
0.00763452
0.00747746
0.00711775
0.00694923
0.00652385
0.00595759
0.00496633
0.00369729
0.0016854
0.00019878
0.00500911
0.00618959
0.00747564
0.00821454
0.00852639
0.00859868
0.00843374
0.00813659
0.00762811
0.00701093
0.00676921
0.00656858
0.00630782
0.00596646
0.00587678
0.00514787
0.00441714
0.00318896
0.00165812
0.000407033
0.00432086
0.00548164
0.00661189
0.00700248
0.00742905
0.00748857
0.00726027
0.00679704
0.00648011
0.0064212
0.00605076
0.00566346
0.00537846
0.00543192
0.00531271
0.00467162
0.00378123
0.00278789
0.00163615
0.000174222
0.0037563
0.00443041
0.00530892
0.00577248
0.00620168
0.00621253
0.00602451
0.00582304
0.00581233
0.00517029
0.00502827
0.00489636
0.00452595
0.0043855
0.00426162
0.00399571
0.00307943
0.00236753
0.00126986
0.000188694
0.00289
0.00359749
0.00400042
0.00461047
0.00490685
0.00510175
0.00476172
0.00489662
0.00443203
0.0039253
0.00377628
0.00377648
0.00363043
0.0037797
0.00329896
0.00316987
0.00249837
0.00175216
0.00116941
0.000107627
0.00223284
0.00267952
0.00320351
0.00346227
0.00370444
0.00360097
0.00377008
0.00326183
0.00313187
0.00306339
0.00281764
0.00277823
0.00258683
0.00272866
0.00217781
0.00232954
0.00173574
0.00143979
0.000612485
0.000113083
0.00155931
0.0016782
0.00202342
0.00232353
0.00229354
0.0022486
0.00223528
0.00223474
0.00199871
0.00194004
0.00198987
0.00179728
0.00166424
0.00174996
0.00141221
0.00129077
0.00107086
0.000871336
0.000351878
0.000278381
0.0005474
0.000531676
0.000674688
0.000693866
0.000936079
0.000877188
0.000821336
0.000683792
0.000642584
0.000807781
0.000824034
0.000696244
0.000399918
0.000442444
0.00041985
0.00052551
0.000455324
0.000540777
0.000260047
0.000290834
0.00711083
0.00841107
0.0098598
0.0108981
0.0115148
0.0117648
0.0117437
0.0113889
0.0110077
0.010519
0.0105139
0.0100462
0.00963484
0.0092609
0.00873036
0.00759598
0.00676821
0.00503839
0.00336999
0.00116946
0.00606296
0.00737239
0.00867289
0.009695
0.0101896
0.0105227
0.0103074
0.0101203
0.00984179
0.00937162
0.00927652
0.00875528
0.0085305
0.00822258
0.00770109
0.00694981
0.00580851
0.00452337
0.00288169
0.0011973
0.00530196
0.00660433
0.00764404
0.00835877
0.0088263
0.00912833
0.00900296
0.00885751
0.00849403
0.00827135
0.00786049
0.0076209
0.00749382
0.00714228
0.00664064
0.00621483
0.00508644
0.00397698
0.00249173
0.00128665
0.00443456
0.005426
0.00648908
0.00704341
0.00733481
0.00753146
0.0074573
0.00741837
0.00694302
0.00684583
0.00667555
0.00662414
0.0062022
0.00589453
0.00572369
0.00522432
0.00419585
0.00309693
0.00177438
0.0008674
0.00370208
0.00421585
0.00506088
0.00541369
0.00572765
0.00599493
0.00605522
0.00586937
0.00567601
0.00542179
0.00537898
0.00503301
0.00514349
0.00474764
0.00435862
0.00410369
0.00341271
0.00248805
0.00164117
0.000969863
0.00272176
0.00309775
0.00349208
0.00408283
0.00435649
0.00454812
0.0042806
0.00431252
0.0040678
0.00395402
0.00391858
0.00381
0.00363203
0.00350324
0.00354053
0.00302248
0.0026124
0.00178891
0.00135142
0.000743109
0.00156026
0.00166855
0.00224965
0.00231963
0.0024701
0.0025864
0.00285284
0.00264852
0.00256701
0.00263356
0.0026363
0.00227492
0.00233562
0.00229118
0.00215581
0.00175121
0.00162454
0.00097889
0.000614746
0.000462973
0.000474583
0.000665177
0.000679086
0.000728215
0.000839798
0.000987652
0.00083302
0.00118517
0.000948201
0.000921602
0.000774234
0.000827275
0.000731043
0.000901831
0.000793914
0.000473911
0.000484472
0.000358378
0.00017573
0.000280073
0.0073149
0.00894634
0.0107354
0.0120432
0.0127874
0.0132624
0.013383
0.0131489
0.0129135
0.0124936
0.0122388
0.0118005
0.0114123
0.0108285
0.010212
0.00940385
0.00779429
0.00583331
0.00383495
0.00188398
0.0064248
0.00808759
0.00923543
0.0105321
0.0114729
0.011805
0.0116109
0.0116222
0.0114747
0.0110974
0.0107814
0.0102992
0.00998359
0.00955435
0.00896983
0.00819934
0.00693261
0.00523612
0.00355904
0.00182927
0.00549486
0.00695827
0.00805829
0.00924226
0.00953904
0.010143
0.0103532
0.00994684
0.00972822
0.00970914
0.00936433
0.00917595
0.00892386
0.00844154
0.00783816
0.00704314
0.00592865
0.00470108
0.00302461
0.00150094
0.00472129
0.0057395
0.00678436
0.00748504
0.00822895
0.00847054
0.00853873
0.00838174
0.0086306
0.00807943
0.00797187
0.00758473
0.0073882
0.00711885
0.00669097
0.00577614
0.00497339
0.00384271
0.00269691
0.00151637
0.00374052
0.00455958
0.00533489
0.00606606
0.00631325
0.00665805
0.00658915
0.00666676
0.00637762
0.00627581
0.00618373
0.00614887
0.00581702
0.00555964
0.00517339
0.00487514
0.00401058
0.00315667
0.00206016
0.00120918
0.0028162
0.00339708
0.00416013
0.00443252
0.00491819
0.00508971
0.00517394
0.00489161
0.00505409
0.00461596
0.00455807
0.00453974
0.00430809
0.00402462
0.00363152
0.00353688
0.00296897
0.00250915
0.0016692
0.00094662
0.00180223
0.00218424
0.0024032
0.00246815
0.00295388
0.00297835
0.00303285
0.00320978
0.0029417
0.00285875
0.00276811
0.002856
0.00267065
0.00250508
0.00232124
0.00225484
0.00155236
0.00162503
0.000879065
0.000685151
0.000594241
0.00100959
0.000965539
0.0010291
0.000942997
0.00111192
0.00109638
0.000848653
0.00112091
0.000962723
0.000881161
0.000795422
0.000705314
0.000789566
0.000841955
0.000703167
0.000695924
0.00068499
0.000117911
2.3524e-05
0.00684649
0.00911436
0.0106684
0.0122844
0.0133271
0.0138174
0.0141299
0.0141881
0.0141712
0.0138447
0.0133294
0.013143
0.0126578
0.0117316
0.010909
0.0098585
0.00796819
0.00628223
0.00395614
0.00172039
0.00621765
0.00783164
0.00957461
0.0107694
0.0116845
0.0122184
0.0123744
0.0125864
0.0122957
0.0122077
0.0116676
0.0115446
0.0111128
0.0104928
0.00984733
0.00861186
0.0073081
0.00569089
0.00353504
0.00147911
0.00542162
0.00675922
0.00815433
0.00938502
0.0100391
0.0104733
0.0108269
0.0107914
0.0106877
0.0106406
0.0103334
0.00994584
0.00949233
0.00922777
0.00826418
0.00747444
0.00629144
0.00461795
0.00290467
0.00144287
0.00450563
0.00566755
0.00680159
0.00787109
0.00827331
0.00897207
0.00924934
0.00907942
0.00921412
0.00874967
0.00847536
0.00830161
0.00794685
0.00765824
0.00717413
0.00613661
0.00514184
0.00394014
0.00237997
0.00127871
0.00369712
0.00463359
0.00545495
0.00625476
0.00672777
0.00697781
0.00729991
0.00731224
0.00712999
0.00683351
0.0069815
0.00675238
0.00621578
0.00597258
0.00553548
0.00490888
0.00440755
0.00318988
0.00211247
0.00124344
0.0028305
0.00336805
0.0038187
0.00477668
0.00482742
0.00484005
0.0053739
0.00533163
0.00521327
0.00518209
0.00502521
0.00504338
0.00474533
0.00451148
0.0038966
0.00370754
0.00304457
0.00237424
0.00144187
0.00076284
0.00169571
0.00194878
0.00241995
0.00274809
0.00308475
0.00319367
0.00335856
0.00328852
0.00323715
0.00307212
0.00320989
0.00308551
0.00267683
0.00263218
0.00250805
0.00219301
0.00184726
0.00161402
0.000817708
0.000527404
0.00064859
0.000658514
0.000710721
0.000953912
0.00107319
0.00126966
0.00111884
0.00114158
0.00118515
0.00112358
0.00118747
0.00103881
0.00106971
0.00111108
0.000914801
0.00071638
0.000604835
0.000242487
0.000138209
0.000394918
0.00577606
0.00790315
0.0101439
0.0117761
0.0128757
0.0138097
0.0142474
0.014328
0.0141771
0.0141581
0.0137809
0.0133179
0.0126983
0.0119176
0.0107915
0.00950313
0.00775482
0.00571997
0.00313163
0.00107809
0.00523151
0.00712403
0.00894274
0.0104244
0.0112561
0.012053
0.0126898
0.0126922
0.0127302
0.012655
0.012331
0.0118177
0.011252
0.0105743
0.00966372
0.00852304
0.00713476
0.00500484
0.00293796
0.0010329
0.0046764
0.00601213
0.00762562
0.00899219
0.00985814
0.0105843
0.0108
0.0109157
0.0110715
0.0107773
0.0104904
0.0101358
0.00961779
0.00916379
0.00829032
0.00726348
0.00609413
0.00431312
0.00252165
0.000837132
0.00390341
0.00523228
0.00644785
0.00747547
0.00845475
0.00913383
0.00908306
0.00942267
0.00924196
0.00892297
0.00906892
0.00856277
0.00807234
0.00781782
0.00695086
0.00606537
0.00494871
0.00366882
0.00221394
0.000817182
0.00292278
0.00426116
0.00528912
0.00616616
0.00640203
0.00712843
0.00728836
0.00742454
0.00732816
0.00729909
0.0070591
0.00676337
0.00648421
0.00628165
0.00554543
0.00481183
0.00407295
0.00273136
0.00174911
0.000685206
0.00241615
0.00317317
0.00386694
0.00426314
0.00476629
0.00532814
0.00540531
0.0054048
0.00556705
0.00527887
0.00512413
0.00495815
0.00464188
0.00430488
0.00420068
0.00349317
0.00299485
0.00207749
0.00110023
0.000590988
0.00140314
0.00187142
0.00215785
0.00281344
0.00298419
0.00325691
0.00334139
0.0032021
0.00322636
0.00323527
0.00328405
0.00333605
0.00291488
0.0028782
0.00260982
0.00219699
0.00181119
0.00143219
0.000777702
0.000390907
0.000480554
0.000747083
0.000819616
0.000864695
0.000997748
0.00110786
0.00114725
0.000964947
0.00112794
0.00104105
0.00107685
0.00105385
0.00108395
0.000804124
0.000724562
0.000779675
0.000542032
0.000457797
0.000209309
0.000172448
0.00411141
0.00626035
0.00855106
0.0105389
0.0117866
0.0128179
0.0135286
0.0135491
0.0139034
0.0136895
0.0133108
0.0129738
0.0122619
0.011371
0.00986607
0.00863303
0.0066123
0.00428633
0.00176119
0.000685705
0.0037806
0.00558968
0.00768225
0.00933221
0.0106759
0.0115066
0.0119484
0.0121817
0.0122745
0.0119314
0.0119463
0.0114622
0.0108412
0.0100871
0.00890365
0.00754965
0.00581943
0.003829
0.00154742
0.000448682
0.0034719
0.00485983
0.00643411
0.00798673
0.00901137
0.00990962
0.0104176
0.0107038
0.0107112
0.0105271
0.0101686
0.00987451
0.00931793
0.00866144
0.00779902
0.00632888
0.00509708
0.00326854
0.00143353
0.000473501
0.00256813
0.00395525
0.00538172
0.00671254
0.00761685
0.00822437
0.00863178
0.00881447
0.00906092
0.00890621
0.00886415
0.00835647
0.00775954
0.00714031
0.00675691
0.00574876
0.00425876
0.00274915
0.00108785
0.000289344
0.00218067
0.00316694
0.00429015
0.00528646
0.00628019
0.00652911
0.00706492
0.00716453
0.00705377
0.00709895
0.00684439
0.00668257
0.00612788
0.0058301
0.00524282
0.00437538
0.00335263
0.0021797
0.000718568
0.0001993
0.00161316
0.00226919
0.00339104
0.00410371
0.00444992
0.00487872
0.00493181
0.00535419
0.00540057
0.00527344
0.00507084
0.0048114
0.00480167
0.00412857
0.0036087
0.00303263
0.00252276
0.00169021
0.00069643
2.64857e-05
0.00076059
0.00146945
0.002105
0.00251795
0.00273233
0.00297619
0.002967
0.00321266
0.00315608
0.00321253
0.00317736
0.00299319
0.0028734
0.00271039
0.00215222
0.00202056
0.00152213
0.00094051
0.000151505
9.93356e-05
0.000380392
0.00053502
0.000609967
0.000798403
0.00100089
0.000977068
0.00116282
0.00112647
0.00110864
0.00111888
0.0011209
0.00102321
0.00102888
0.000861749
0.000676265
0.000536018
0.000559255
0.000302488
6.71862e-05
6.41068e-05
0.00144126
0.00396095
0.00656384
0.0083688
0.0101434
0.0111799
0.0118519
0.0122637
0.0124581
0.0125957
0.0120366
0.0115816
0.0110742
0.00978936
0.00846871
0.0067589
0.00486904
0.00230323
0.000584681
0.00311175
0.00138651
0.0033439
0.00561819
0.00730982
0.0088859
0.00996324
0.0105674
0.0109113
0.0109865
0.0110132
0.0106597
0.0102204
0.00970567
0.00861893
0.00750767
0.00592631
0.00415902
0.00188455
0.000462988
0.00275218
0.00109803
0.00295475
0.00483428
0.00640122
0.0076709
0.0085716
0.00891114
0.00942693
0.00942349
0.00934671
0.00939545
0.00900887
0.00830348
0.00765827
0.00660719
0.00528059
0.00347611
0.00181622
0.000321516
0.00221453
0.00107196
0.00230726
0.00394009
0.00528033
0.00630176
0.00709776
0.0076522
0.00800892
0.00801706
0.00799133
0.00788199
0.00744438
0.00700584
0.00641164
0.00552231
0.00431222
0.00302496
0.00123858
0.000391977
0.00196864
0.000754018
0.00187267
0.00307708
0.00400794
0.0049844
0.00555539
0.00629172
0.00649019
0.0062436
0.00633731
0.0062586
0.00609582
0.00552025
0.00508271
0.00437292
0.00357383
0.00261891
0.00122793
0.000337354
0.00129698
0.00058869
0.00145068
0.00236115
0.00296378
0.00376802
0.00415197
0.0043097
0.00469162
0.00457129
0.00465632
0.00453525
0.00433989
0.00406167
0.00344289
0.00326298
0.00247693
0.00178421
0.000740308
0.000222522
0.00117887
0.000425974
0.00090876
0.00171501
0.00170937
0.00232223
0.00267377
0.0027594
0.00287674
0.00290343
0.00285181
0.00259351
0.00281828
0.00262934
0.00243526
0.00196318
0.00170361
0.00110416
0.000418213
6.78231e-05
0.000825035
0.000163703
0.000322199
0.000157773
0.000718136
0.000757141
0.00104573
0.000839571
0.000968886
0.000946471
0.000851229
0.000915813
0.000870711
0.000901574
0.000808726
0.000566852
0.000622488
0.000387537
0.000143972
0.000144538
0.000391249
0.00185913
0.000802325
0.00322075
0.00540559
0.00726176
0.00871314
0.00957818
0.00997011
0.0105447
0.0103961
0.00989413
0.00949233
0.00854797
0.00760235
0.00604995
0.00415947
0.00217613
0.000745633
0.00361326
0.0062415
0.00164596
0.000550294
0.00278928
0.00477915
0.00644637
0.00735654
0.00838362
0.00891404
0.00916959
0.00929312
0.00886722
0.00835867
0.00749828
0.00661612
0.00546224
0.00364828
0.00171939
0.000565484
0.00302658
0.00538955
0.00129992
0.000511784
0.00260224
0.00422702
0.00546703
0.00670274
0.00726569
0.00779362
0.0079274
0.00810794
0.00776769
0.00734938
0.00685665
0.00594059
0.00458865
0.00317647
0.00140985
0.000414457
0.00268954
0.00476512
0.000972473
0.000446167
0.00195778
0.00355843
0.00443717
0.00557774
0.00614397
0.00649943
0.00675859
0.00651264
0.00630209
0.00630508
0.00571923
0.00497688
0.00390382
0.00283629
0.00117988
0.000485658
0.00232615
0.00389107
0.00089532
0.000193452
0.00163679
0.00279145
0.00385363
0.00441112
0.00481612
0.00506711
0.00512887
0.00533033
0.00507313
0.00481689
0.0043832
0.00383697
0.00317484
0.00223767
0.00119192
0.000337617
0.001713
0.00299082
0.000692873
0.000339145
0.00124381
0.00187115
0.00272326
0.00328066
0.00369354
0.00398445
0.00376307
0.00413875
0.00378805
0.00347442
0.00333191
0.00294459
0.00229007
0.00147804
0.000831414
0.000392326
0.00115212
0.00221292
0.000408338
0.000276141
0.000791333
0.00113301
0.00168572
0.00193508
0.00239583
0.00222714
0.00228052
0.002358
0.00232071
0.00212857
0.00197569
0.00148687
0.00147906
0.00112087
0.000292992
0.000266608
0.000891644
0.00150347
0.000333399
0.00015359
0.000141799
0.000523525
0.0005484
0.000808518
0.000795777
0.000782619
0.000864949
0.000880915
0.000760275
0.000746031
0.000640036
0.000698163
0.000492235
0.000501898
8.92715e-05
0.000196613
0.000296389
0.000430058
0.00609531
0.00333918
0.000564892
0.00199406
0.00381518
0.00523927
0.00614983
0.00689021
0.00727802
0.00733464
0.00700943
0.00642302
0.00555508
0.00429649
0.00268577
0.000850142
0.00159091
0.00443913
0.00751452
0.0102473
0.00522187
0.00323926
0.000576804
0.00171245
0.00324611
0.00441478
0.00546339
0.00616864
0.00650707
0.00641979
0.00642971
0.00572668
0.0049481
0.00371655
0.00265716
0.000644024
0.00146938
0.00397789
0.00654081
0.00909421
0.00454409
0.00250212
0.000190892
0.00120352
0.00298601
0.00383834
0.00477995
0.0054486
0.00553981
0.00550791
0.00536862
0.00500715
0.0044632
0.003414
0.00204133
0.000495772
0.00132545
0.00335884
0.0056407
0.007857
0.00377002
0.00201323
0.000362516
0.0010359
0.00235228
0.00326424
0.00421615
0.00449959
0.0045866
0.0045897
0.00456804
0.00397169
0.00344808
0.00268507
0.00172178
0.00034773
0.00119558
0.00293026
0.00467267
0.00640802
0.00312687
0.00178298
0.000361708
0.00107114
0.00198991
0.00271779
0.00344579
0.00353595
0.00392513
0.00349592
0.00376947
0.00304589
0.0029152
0.00232005
0.00153744
0.000283416
0.000988279
0.0021244
0.00366102
0.00501819
0.00224
0.00116883
0.000352038
0.000655603
0.00131554
0.00212342
0.00225619
0.00260731
0.00276859
0.00283736
0.00274517
0.00253308
0.00222649
0.0015821
0.000898436
0.000255588
0.00047092
0.00173709
0.00270073
0.00394898
0.0011248
0.000650155
1.59627e-05
0.000458537
0.000793304
0.0012479
0.00150345
0.00170411
0.00159106
0.00151709
0.00168516
0.00158218
0.00141193
0.00121923
0.000502812
0.00029836
0.000307851
0.000961236
0.00198282
0.00246679
0.000366135
0.000532221
0.000183169
0.000238274
0.000543956
0.000424936
0.000395424
0.000792568
0.00069405
0.000803745
0.000499237
0.000610189
0.000218603
0.000283514
0.000414866
2.56427e-05
0.000209969
0.000426184
0.000473496
0.000862679
0.0109679
0.00813879
0.00533213
0.00284947
0.000537338
0.000839272
0.00223465
0.00308588
0.0033558
0.00359534
0.00301612
0.00237304
0.00172283
0.000239269
0.00133179
0.00348991
0.00594125
0.00884932
0.0119183
0.0149944
0.00964288
0.00726337
0.00475407
0.00235263
0.000513537
0.000744008
0.00193516
0.00264998
0.00303107
0.00312476
0.00273598
0.00229897
0.00128599
0.000419343
0.00125987
0.00328359
0.00540587
0.00777831
0.0106572
0.0130402
0.00829119
0.00636896
0.00414476
0.00215129
0.000422489
0.000606726
0.00141377
0.0021651
0.00263578
0.00269847
0.00244441
0.00196785
0.00123422
0.000206234
0.00104703
0.00268836
0.00467576
0.00669335
0.00910149
0.0113863
0.00700952
0.00531519
0.00355835
0.0017884
0.000399052
0.000570537
0.00125424
0.00200576
0.0020573
0.00222645
0.00201003
0.00170344
0.000938262
0.000325262
0.000880734
0.00220618
0.00391475
0.00598467
0.00793389
0.00954491
0.00540792
0.00428418
0.00283181
0.00147035
0.000612093
0.000658735
0.00102208
0.00161834
0.00178839
0.0015971
0.00154831
0.00118571
0.000826625
0.000407489
0.000621876
0.00174028
0.00313193
0.0047773
0.00621513
0.00753984
0.00413525
0.00310912
0.00215053
0.00110959
0.00033037
0.000350393
0.000958107
0.000985856
0.00125032
0.00132216
0.00120424
0.00104717
0.000685652
0.000132323
0.000270688
0.00137763
0.0020636
0.00357945
0.00448055
0.00541512
0.00243918
0.00207786
0.00123771
0.000963375
0.000271769
0.000221147
0.000458884
0.000886608
0.000769745
0.000650015
0.000669275
0.000481901
0.000254272
0.000199275
0.000278923
0.000908544
0.00137102
0.00197176
0.00294389
0.00356713
0.000952215
0.000706684
0.000361805
0.000257947
9.37519e-05
0.000122735
0.000188794
0.000247475
0.000172955
0.000342993
0.000265919
7.12821e-05
4.53981e-05
2.71915e-05
8.79005e-05
0.000336635
0.000524294
0.000663741
0.00100148
0.00108533
0.0164738
0.013748
0.0107195
0.00811761
0.00581224
0.00411046
0.00278501
0.00186425
0.00134463
0.0010446
0.00144088
0.00239955
0.00312643
0.00425315
0.00617134
0.0084662
0.0110646
0.0139946
0.0174903
0.0202669
0.0145241
0.0122846
0.00941341
0.00720779
0.00517705
0.0035905
0.00246648
0.00159715
0.00115159
0.00108383
0.00135943
0.0019362
0.00271773
0.00396842
0.00542225
0.00730518
0.00983555
0.0124234
0.0153496
0.0178916
0.0125133
0.010841
0.00822438
0.00621055
0.00440121
0.0029965
0.00200905
0.0016738
0.00098511
0.000878246
0.00129675
0.00179357
0.00224745
0.00343048
0.00496294
0.00645899
0.00859735
0.0109947
0.01332
0.0153539
0.0105272
0.00883264
0.00707477
0.0051694
0.00391239
0.0027868
0.00172761
0.0011767
0.000767473
0.000882159
0.000956924
0.00151507
0.00214452
0.00289956
0.00390207
0.00551544
0.00719638
0.00930011
0.0111546
0.0128618
0.0082423
0.0071273
0.00554209
0.00424009
0.00309078
0.00203292
0.00138137
0.00106268
0.000845562
0.000612887
0.000819735
0.00124939
0.00170836
0.00232524
0.00321482
0.00467003
0.00572343
0.00730545
0.0090271
0.0105395
0.00624296
0.00518168
0.00406357
0.00324253
0.00226723
0.00148963
0.0010439
0.000716772
0.000446384
0.000442565
0.000612197
0.000798484
0.000991826
0.00202289
0.00249905
0.00323768
0.00409081
0.00550062
0.00644728
0.00758475
0.00381592
0.00321335
0.00258979
0.00179365
0.00139095
0.00114611
0.0006422
0.00043804
0.000212725
0.000515268
0.000159518
0.000441706
0.00065313
0.000768776
0.00142538
0.00191793
0.00251901
0.00313358
0.00405716
0.00457347
0.00138698
0.00129058
0.000820164
0.000758422
0.000273113
0.000356104
0.000210125
0.000181846
8.99519e-05
2.684e-06
8.09359e-05
0.000122855
0.000349913
0.00027919
0.000448478
0.000617041
0.00105142
0.00115586
0.00160901
0.00162901
0.0226539
0.019751
0.0167197
0.0138743
0.0114743
0.0097063
0.00815953
0.00721409
0.00662529
0.00677048
0.00690332
0.00749344
0.00866184
0.0100937
0.0118588
0.0140858
0.0168214
0.0197471
0.0233213
0.0264244
0.0200907
0.0177449
0.0148517
0.0123578
0.0103666
0.00865219
0.00744119
0.006736
0.00619055
0.00593859
0.00599903
0.00675667
0.00744204
0.00878039
0.0106054
0.0124703
0.014979
0.0176804
0.0208023
0.0232714
0.0172734
0.0152595
0.0128535
0.0108385
0.00895281
0.00741235
0.00650217
0.00579067
0.00520811
0.00497059
0.0051451
0.00562576
0.00657952
0.00763315
0.00903175
0.0109848
0.0129675
0.0152346
0.0179962
0.0202075
0.0143672
0.012701
0.0108886
0.00917247
0.00750952
0.00639068
0.00540304
0.00460779
0.00434412
0.0044577
0.00455999
0.00500546
0.00574607
0.00665849
0.00782409
0.00907624
0.0109339
0.0129966
0.015052
0.0168495
0.0116932
0.0101942
0.00883539
0.00717673
0.0060353
0.00510351
0.00442141
0.00377646
0.00349578
0.00347206
0.0036767
0.00406041
0.00447343
0.00515587
0.00616947
0.00724664
0.00875926
0.0103154
0.0121717
0.0136157
0.00864131
0.00766243
0.00636138
0.005387
0.00439005
0.00397691
0.00330041
0.00298278
0.00272151
0.00249801
0.00261305
0.00281545
0.00320315
0.00387557
0.00455977
0.0052242
0.00637196
0.00757278
0.00888479
0.00979289
0.00537239
0.00466085
0.00378143
0.00347534
0.00292651
0.00230621
0.00202951
0.00174639
0.00147935
0.0014786
0.00171276
0.00173985
0.00199445
0.00215528
0.002624
0.00324501
0.0041356
0.00471078
0.00526768
0.00596666
0.00186042
0.00164901
0.0014526
0.00122593
0.000899166
0.000883189
0.000668053
0.000628349
0.000543834
0.000543283
0.000735458
0.000617746
0.000626848
0.000693329
0.0010204
0.00122174
0.00149558
0.00167634
0.0019059
0.0021282
0.0292889
0.0262978
0.023179
0.0203934
0.0180195
0.0159239
0.0142698
0.0135514
0.0128557
0.012685
0.0129382
0.0135289
0.0146756
0.0158738
0.0178432
0.020249
0.0230099
0.0260709
0.0298321
0.0328598
0.0260114
0.0233786
0.0205065
0.0182356
0.0159328
0.0142549
0.0128294
0.0118664
0.0112511
0.0110584
0.0116112
0.0119564
0.0129656
0.0141078
0.0159474
0.0178886
0.0204816
0.0232962
0.026186
0.0289042
0.022403
0.0205852
0.0179307
0.0154965
0.0137875
0.0123108
0.0110221
0.0102653
0.00988962
0.00977462
0.00992362
0.0103807
0.0110462
0.0123266
0.0138
0.015771
0.0177642
0.0202766
0.0229744
0.0251515
0.0188107
0.0173053
0.0151202
0.0132397
0.0116731
0.0103261
0.00929742
0.00870828
0.00825124
0.00808423
0.00837354
0.0086378
0.00920024
0.010255
0.0115326
0.0131109
0.0149268
0.0169661
0.0192
0.0212145
0.0149631
0.0136663
0.0120746
0.0104674
0.00944877
0.00823779
0.00765685
0.00708617
0.00658322
0.00661419
0.00666623
0.00717086
0.00756334
0.00810343
0.00920446
0.0104729
0.0119354
0.0136467
0.0152174
0.0167044
0.0110967
0.00996681
0.00894232
0.00775716
0.00680775
0.00618399
0.00550199
0.0048545
0.00487809
0.00485625
0.00499995
0.0049819
0.00549101
0.00599074
0.00677114
0.00758173
0.00862663
0.00999424
0.0114261
0.0123916
0.00683525
0.00616377
0.00570713
0.00457025
0.00430264
0.00376015
0.0033924
0.00309848
0.00312355
0.00294109
0.00310685
0.00312801
0.00342753
0.00390301
0.00435168
0.0048174
0.00561574
0.00602486
0.00703136
0.00763678
0.00238236
0.00216103
0.00193718
0.00167952
0.00135225
0.00159775
0.000957692
0.00116882
0.000954663
0.00111449
0.000954973
0.00105992
0.00108142
0.0010609
0.00165108
0.00171643
0.00168793
0.00209987
0.00244478
0.00260445
0.0359159
0.0327483
0.0293432
0.0267277
0.024027
0.0223415
0.0206503
0.0192609
0.0188515
0.0187321
0.0188729
0.0195334
0.0205451
0.0223367
0.0238265
0.0264093
0.0290927
0.0323613
0.0358811
0.0391109
0.0317469
0.0290238
0.0262421
0.0236492
0.0213104
0.0196792
0.0182236
0.0171486
0.0165894
0.0164189
0.016648
0.0173017
0.0181426
0.019492
0.0213471
0.0233676
0.0259635
0.0288351
0.0318396
0.0346088
0.0274242
0.0251788
0.0227026
0.0204034
0.0184851
0.017012
0.0157206
0.0147593
0.0144144
0.0140728
0.0143115
0.0149263
0.0157207
0.0169566
0.0185156
0.020079
0.0223767
0.0251263
0.0275233
0.0297958
0.0229051
0.0210416
0.0190969
0.0171774
0.015272
0.0141557
0.0130752
0.0123999
0.0119119
0.0117949
0.0121026
0.0125209
0.013216
0.01407
0.0153987
0.0169158
0.0187957
0.0210355
0.0232847
0.0250116
0.0183513
0.0169331
0.0153345
0.0137161
0.0124105
0.0112478
0.0104902
0.00987484
0.00961569
0.00936247
0.00949379
0.00989899
0.0107415
0.0113101
0.0123882
0.0136839
0.0149034
0.0165802
0.0184828
0.0200883
0.013277
0.0125239
0.011252
0.00997148
0.00921593
0.00842569
0.00764721
0.00732524
0.00710316
0.00691822
0.00696796
0.00731834
0.00758619
0.00827064
0.00921621
0.010014
0.0109561
0.0123934
0.0138563
0.0148377
0.00834959
0.00780382
0.00692688
0.00616913
0.00578134
0.00514222
0.00475165
0.00450447
0.00441607
0.00440747
0.00426027
0.00443476
0.00465454
0.00515459
0.00567498
0.00615946
0.00696964
0.00763365
0.00849898
0.00900055
0.00270105
0.00264301
0.00237049
0.00212328
0.00223646
0.00197755
0.0017357
0.00156426
0.00144375
0.00158734
0.0015505
0.00137499
0.00134234
0.00169253
0.00207245
0.00225589
0.0022471
0.00271582
0.0028078
0.00312582
0.041104
0.0381348
0.034777
0.031725
0.0291098
0.0271069
0.0257337
0.0242754
0.0236631
0.0234795
0.023716
0.0243247
0.0255558
0.0270111
0.0289826
0.0315111
0.0340931
0.0375863
0.0410315
0.0443209
0.036321
0.0338067
0.0304664
0.027789
0.0256018
0.0237524
0.0225933
0.0214874
0.0208185
0.0204711
0.0208833
0.021301
0.0224476
0.0238204
0.0252762
0.0276474
0.0302443
0.0330756
0.0361484
0.0388693
0.0310177
0.0290381
0.0262498
0.0238669
0.0221374
0.0203349
0.0190753
0.0184767
0.0178768
0.0174897
0.0176549
0.0183124
0.019271
0.0204571
0.0217546
0.0237155
0.0260299
0.0284149
0.0310983
0.033667
0.0258853
0.0239205
0.0220758
0.0200575
0.0184207
0.0169256
0.0158163
0.0153536
0.0149057
0.014594
0.0148538
0.0151465
0.0160438
0.0169749
0.0183761
0.0197815
0.0217089
0.0238761
0.0261328
0.0279125
0.0206567
0.0190431
0.0175236
0.0160889
0.0146573
0.0133309
0.0127173
0.0121193
0.0118164
0.0115255
0.0117925
0.0120689
0.0126202
0.0134917
0.0144863
0.0155647
0.0172159
0.0188803
0.0208218
0.0224953
0.0150463
0.0141734
0.0128775
0.0118291
0.0108994
0.00994493
0.00936095
0.00877265
0.00861029
0.00846883
0.00869885
0.00881951
0.00939983
0.0100967
0.010503
0.0115219
0.0127437
0.0139658
0.015328
0.0162734
0.0093385
0.00871931
0.00787621
0.00733716
0.00660521
0.00617675
0.00601479
0.00531701
0.0055072
0.00527937
0.00526488
0.00556903
0.00576164
0.006049
0.00663988
0.00738594
0.00769876
0.00874172
0.0093293
0.0100264
0.00350526
0.00299238
0.00265973
0.00238678
0.00217032
0.00221926
0.00207596
0.0019926
0.00175932
0.00171682
0.00179307
0.001907
0.00191585
0.00193894
0.00233334
0.0023895
0.00277014
0.00268916
0.00323057
0.00334805
)
;

boundaryField
{
    hotSide
    {
        type            fixedGradient;
        gradient        nonuniform List<scalar> 
400
(
321.511
322.87
325.591
329.677
335.133
341.965
350.181
359.788
370.794
383.208
397.037
412.289
428.971
447.088
466.647
487.651
510.105
534.011
559.372
586.191
323.738
325.08
327.767
331.802
337.194
343.949
352.078
361.591
372.498
384.81
398.537
413.687
430.268
448.289
467.755
488.672
511.043
534.872
560.161
586.913
326.149
327.47
330.116
334.091
339.406
346.071
354.099
363.503
374.296
386.491
400.101
415.136
431.606
449.52
468.885
489.706
511.988
535.735
560.948
587.63
328.704
330
332.597
336.503
341.73
348.292
356.205
365.485
376.15
388.215
401.695
416.604
432.954
450.753
470.009
490.73
512.919
536.579
561.714
588.325
331.33
332.599
335.142
338.97
344.099
350.546
358.332
367.477
378.003
389.928
403.271
418.047
434.27
451.949
471.095
491.712
513.807
537.382
562.439
588.978
333.918
335.158
337.643
341.389
346.414
352.74
360.392
369.397
379.779
391.562
404.765
419.407
435.503
453.065
472.101
492.618
514.622
538.114
563.096
589.569
336.321
337.531
339.959
343.622
348.544
354.751
362.274
371.142
381.385
393.031
406.101
420.618
436.595
454.047
472.983
493.409
515.33
538.747
563.663
590.076
338.36
339.543
341.92
345.509
350.339
356.44
363.847
372.595
382.718
394.244
407.2
421.608
437.485
454.844
473.695
494.045
515.897
539.253
564.114
590.478
339.852
341.015
343.352
346.885
351.645
357.665
364.985
373.643
383.675
395.113
407.984
422.312
438.116
455.407
474.197
494.491
516.294
539.606
564.428
590.758
340.643
341.795
344.11
347.613
352.334
358.311
365.584
374.193
384.176
395.567
408.393
422.679
438.443
455.699
474.456
494.722
516.498
539.788
564.589
590.901
340.643
341.795
344.11
347.613
352.334
358.311
365.584
374.193
384.176
395.567
408.393
422.679
438.443
455.699
474.456
494.722
516.498
539.788
564.589
590.901
339.852
341.015
343.352
346.885
351.645
357.665
364.985
373.643
383.675
395.113
407.984
422.312
438.116
455.407
474.197
494.491
516.294
539.606
564.428
590.758
338.36
339.543
341.92
345.509
350.339
356.44
363.847
372.595
382.718
394.244
407.2
421.608
437.485
454.844
473.695
494.045
515.897
539.253
564.114
590.478
336.321
337.531
339.959
343.622
348.544
354.751
362.274
371.142
381.385
393.031
406.101
420.618
436.595
454.047
472.983
493.409
515.33
538.747
563.663
590.076
333.918
335.158
337.643
341.389
346.414
352.74
360.392
369.397
379.779
391.562
404.765
419.407
435.503
453.065
472.101
492.618
514.622
538.114
563.096
589.569
331.33
332.599
335.142
338.97
344.099
350.546
358.332
367.477
378.003
389.928
403.271
418.047
434.27
451.949
471.095
491.712
513.807
537.382
562.439
588.978
328.704
330
332.597
336.503
341.73
348.292
356.205
365.485
376.15
388.215
401.695
416.604
432.954
450.753
470.009
490.73
512.919
536.579
561.714
588.325
326.149
327.47
330.116
334.091
339.406
346.071
354.099
363.503
374.296
386.491
400.101
415.136
431.606
449.52
468.885
489.706
511.988
535.735
560.948
587.63
323.738
325.08
327.767
331.802
337.194
343.949
352.078
361.591
372.498
384.81
398.537
413.687
430.268
448.289
467.755
488.672
511.043
534.872
560.161
586.913
321.511
322.87
325.591
329.677
335.133
341.965
350.181
359.788
370.794
383.208
397.037
412.289
428.971
447.088
466.647
487.651
510.105
534.011
559.372
586.191
)
;
    }
    coldSide
    {
        type            mixed;
        refValue        uniform 300;
        refGradient     uniform 0;
        valueFraction   uniform 0.991591;
        source          uniform 0;
        value           nonuniform List<scalar> 
400
(
300.026
300.027
300.028
300.028
300.029
300.03
300.031
300.032
300.033
300.033
300.034
300.035
300.035
300.036
300.036
300.036
300.037
300.037
300.038
300.037
300.027
300.028
300.029
300.029
300.031
300.031
300.032
300.033
300.033
300.034
300.035
300.035
300.036
300.036
300.037
300.037
300.037
300.038
300.038
300.038
300.028
300.028
300.029
300.029
300.03
300.031
300.032
300.033
300.034
300.035
300.035
300.035
300.036
300.037
300.038
300.038
300.038
300.038
300.039
300.039
300.028
300.028
300.029
300.03
300.032
300.032
300.032
300.034
300.034
300.035
300.036
300.037
300.037
300.038
300.038
300.038
300.039
300.039
300.039
300.04
300.029
300.029
300.03
300.03
300.032
300.033
300.033
300.034
300.035
300.036
300.037
300.037
300.038
300.039
300.039
300.04
300.04
300.04
300.039
300.04
300.029
300.029
300.03
300.031
300.033
300.033
300.034
300.035
300.036
300.036
300.037
300.038
300.039
300.039
300.039
300.04
300.04
300.04
300.04
300.04
300.029
300.03
300.03
300.031
300.033
300.033
300.034
300.035
300.036
300.037
300.038
300.038
300.039
300.039
300.04
300.04
300.041
300.041
300.041
300.041
300.029
300.03
300.031
300.031
300.033
300.033
300.035
300.035
300.036
300.036
300.038
300.038
300.039
300.04
300.04
300.04
300.041
300.041
300.041
300.041
300.029
300.029
300.031
300.031
300.032
300.033
300.035
300.036
300.036
300.037
300.038
300.038
300.039
300.04
300.04
300.041
300.041
300.042
300.042
300.042
300.029
300.03
300.031
300.032
300.032
300.034
300.035
300.035
300.036
300.037
300.038
300.038
300.039
300.04
300.04
300.041
300.041
300.041
300.041
300.042
300.029
300.03
300.03
300.031
300.033
300.034
300.034
300.035
300.036
300.037
300.038
300.038
300.039
300.04
300.04
300.041
300.041
300.042
300.041
300.042
300.029
300.03
300.03
300.031
300.033
300.033
300.034
300.035
300.036
300.037
300.038
300.038
300.039
300.04
300.04
300.041
300.041
300.041
300.042
300.041
300.029
300.029
300.03
300.031
300.032
300.033
300.034
300.034
300.036
300.037
300.037
300.038
300.039
300.039
300.039
300.04
300.041
300.041
300.042
300.041
300.028
300.029
300.031
300.031
300.031
300.032
300.034
300.034
300.036
300.036
300.037
300.038
300.039
300.039
300.039
300.04
300.041
300.041
300.041
300.041
300.028
300.029
300.03
300.03
300.032
300.032
300.033
300.034
300.035
300.035
300.036
300.037
300.038
300.039
300.039
300.039
300.04
300.039
300.04
300.04
300.028
300.028
300.029
300.03
300.03
300.032
300.032
300.033
300.034
300.035
300.035
300.037
300.038
300.038
300.038
300.039
300.039
300.039
300.039
300.04
300.027
300.028
300.028
300.029
300.031
300.031
300.032
300.033
300.034
300.034
300.035
300.036
300.036
300.037
300.037
300.038
300.038
300.039
300.039
300.039
300.027
300.027
300.028
300.029
300.03
300.031
300.031
300.033
300.032
300.034
300.034
300.035
300.035
300.036
300.037
300.037
300.037
300.038
300.038
300.039
300.026
300.026
300.027
300.028
300.029
300.03
300.03
300.031
300.032
300.033
300.033
300.035
300.035
300.036
300.036
300.036
300.037
300.037
300.037
300.037
300.025
300.026
300.026
300.028
300.029
300.03
300.03
300.03
300.032
300.033
300.033
300.033
300.034
300.035
300.035
300.036
300.036
300.036
300.037
300.037
)
;
    }
    adiabaticPlanes
    {
        type            fixedGradient;
        gradient        uniform 0;
    }
}

