/*--------------------------------*- C++ -*----------------------------------*\
| =========                 |                                                 |
| \\      /  F ield         | OpenFOAM: The Open Source CFD Toolbox           |
|  \\    /   O peration     | Version:  2212                                  |
|   \\  /    A nd           | Website:  www.openfoam.com                      |
|    \\/     M anipulation  |                                                 |
\*---------------------------------------------------------------------------*/
FoamFile
{
    version     2.0;
    format      ascii;
    arch        "LSB;label=32;scalar=64";
    class       volScalarField;
    location    "./ITHACAoutput/true/19.7";
    object      error;
}
// * * * * * * * * * * * * * * * * * * * * * * * * * * * * * * * * * * * * * //

dimensions      [0 0 0 1 0 0 0];

internalField   nonuniform List<scalar> 
3200
(
3.90237
4.4553
4.30697
6.38675
4.73885
3.80301
5.72661
3.60564
4.09676
4.69017
2.65693
5.76067
4.52363
5.43611
4.46476
2.08852
2.61524
6.36584
5.16119
4.81643
3.417
3.24971
3.52602
2.6302
2.23951
3.43416
2.54748
6.47197
3.33431
3.84216
4.74824
3.05411
5.96172
5.77116
4.56505
5.14097
2.30184
4.50846
3.71645
2.49434
3.7926
5.30956
1.63538
2.95414
1.83027
5.19358
2.53214
5.2655
0.981921
2.88485
4.89744
5.77391
3.16018
3.72381
2.41529
3.81178
3.67335
3.21901
3.97727
2.65597
2.52588
4.69911
3.58402
-1.12528
1.95221
3.81788
3.53153
1.48377
1.60169
2.91637
4.16597
2.32352
3.33689
4.67233
2.76279
5.66538
4.19349
2.55719
3.48098
4.55639
2.51843
1.69141
3.47545
1.03026
4.26263
1.54354
1.79831
2.85697
1.49052
1.04033
2.41666
2.98956
1.36357
3.77871
1.23774
1.41401
4.33778
3.11772
3.50388
1.85503
1.48785
3.41157
2.49118
2.57733
2.08408
1.16342
0.316873
0.840539
1.46978
2.60518
-0.684367
2.24883
1.71547
2.81827
1.1289
1.94926
1.98323
3.1571
2.47265
3.3496
0.134996
3.35403
0.905306
-0.504243
0.266551
0.0341483
1.11118
1.24694
0.783684
1.81403
1.69612
1.87226
0.795683
1.42648
1.49842
4.01722
2.72118
1.75431
0.890928
0.588932
1.33273
1.69698
0.712152
-0.287011
0.0149481
1.05176
0.740791
-0.198664
-0.547762
1.38971
2.20192
0.557582
-1.42561
-0.948892
1.06014
-1.6407
2.69478
-0.752709
2.27422
-0.301471
2.05709
3.75298
5.66583
4.05748
4.16969
4.60826
4.59709
2.15935
4.44299
4.32059
3.41675
3.1128
2.61277
4.40971
2.16877
4.61391
7.14218
5.32254
3.54465
2.80046
3.0212
-0.396405
4.79175
0.60352
1.81612
0.184772
2.14467
-0.154968
1.99606
-0.158662
0.21402
3.47383
0.299759
1.72174
0.631856
3.5291
0.421288
2.77098
0.421971
3.64117
3.40823
3.58796
1.2228
1.97068
2.90046
4.85884
3.6327
2.33271
4.04648
3.98672
0.742386
2.40348
1.18814
2.13774
1.92648
1.14191
2.55863
2.97577
0.786067
4.06945
3.21587
-0.421135
4.65279
2.34311
2.96902
1.63369
2.09737
1.60491
2.93946
3.72123
-0.257137
2.45075
3.94458
1.09586
1.79661
3.05284
2.14811
2.20562
2.63319
3.24991
2.66487
2.47099
0.699421
-0.0855684
2.47299
0.952887
2.36352
3.7453
2.12537
1.35099
2.44947
2.09706
4.37279
2.14819
-0.381454
1.87732
3.59586
1.28618
0.880464
1.63227
0.745752
-0.249231
1.8324
-0.0805299
-0.547532
2.12592
1.56546
1.33694
0.351143
1.87006
0.691323
1.28266
-0.313067
2.13793
-0.334385
5.03313
-0.000806913
0.855901
2.03092
1.67269
-1.32408
-0.146034
0.065503
-0.0415049
1.58508
1.87711
0.429283
0.170297
0.134348
0.706479
-0.765174
-0.0828156
0.835641
-0.0741284
0.838712
2.55304
2.11813
0.571413
1.94535
2.45187
-1.02193
4.03502
1.2594
0.0608292
-1.31194
0.802435
-0.0596806
2.40905
1.28407
-1.09883
0.328905
1.15384
0.53417
-0.884699
-0.0186957
-1.47667
1.9827
-0.195624
0.898053
-0.425951
3.10179
1.82189
3.47926
2.96981
3.29292
4.16909
2.12404
1.86678
5.11933
3.29192
2.88287
3.57297
5.42336
1.10168
2.61924
3.25815
3.71972
3.76246
0.0200343
1.167
4.53819
4.3498
2.64552
2.07052
2.33696
2.49695
2.20839
1.51195
-1.50143
1.68936
1.36981
2.34615
1.12317
1.07713
2.57923
2.80338
3.32229
2.50446
3.67193
1.7727
3.17761
3.28203
2.7262
4.22279
1.60549
3.2945
2.0933
3.61205
2.40645
1.5765
2.60087
1.09297
0.0382104
4.46131
2.95359
1.84464
-0.0602171
1.86648
4.54794
3.63638
0.0502231
2.00339
2.17937
2.05654
1.97193
4.73243
2.31628
3.29134
2.02299
1.59188
4.58468
0.358642
1.29708
2.20538
1.77494
0.339616
2.12821
2.41846
2.33781
2.39786
2.25663
2.36059
3.09416
0.905475
3.65111
3.70087
0.681558
0.0803409
1.87751
1.67993
0.242567
2.70085
2.19072
2.86628
2.61943
1.81449
0.556802
1.60951
3.06455
2.48246
0.51308
4.52635
-0.0899504
0.406316
1.90673
2.68117
2.70841
0.647838
1.68648
2.83697
0.887088
2.42683
1.39084
0.537218
0.905428
1.80615
2.22784
1.94007
0.682858
5.59976
-0.326349
2.43696
0.871944
0.407831
0.934687
0.0947602
-1.43779
0.948075
2.37063
-0.929395
2.07553
1.40971
0.40143
0.967558
1.85058
-0.432772
1.15467
0.573914
-0.00413608
3.37568
0.560691
-1.01851
-0.60036
-2.13816
-0.540491
0.72032
0.495124
1.07287
-0.311869
-0.842715
0.423621
-0.999652
1.27904
-1.24851
1.52654
-2.02473
-0.932266
1.2739
-0.476289
0.615106
3.93656
0.984171
2.75467
4.09154
2.19588
1.57492
2.11241
2.91609
3.70231
0.980994
1.25377
0.919574
1.58578
2.80669
1.29282
2.17854
2.17795
1.79536
2.46029
6.22515
-0.464538
-0.723025
2.56678
-0.749158
0.782687
-0.109961
1.40834
-0.0271071
2.55151
0.0574729
0.260854
-0.217723
0.361952
1.81313
0.451255
0.478041
0.0334976
2.347
0.302771
2.50871
4.41345
0.905995
1.52589
1.542
1.99374
2.59157
2.17057
2.62469
-0.387128
1.38132
3.3275
2.10983
2.50598
-0.79885
1.05313
1.41062
0.331955
0.903626
0.387832
2.64668
1.3028
0.119855
1.73336
0.573893
1.14279
0.470917
0.0170901
0.243434
0.430988
1.03816
2.89745
2.94425
0.490172
2.97827
1.62633
-0.188657
0.534078
1.88902
2.86757
0.190564
-0.600877
1.87297
1.24237
0.692345
1.32843
-0.0478181
-0.189488
-0.771479
1.76975
2.41973
0.746757
0.759671
-0.352893
1.68426
0.951412
1.27932
-0.632571
-0.819491
2.12558
0.629776
0.760422
2.85475
0.326868
0.052289
0.642221
1.26264
-0.831861
-0.0553236
-1.81701
1.49638
3.21379
3.99292
0.787664
1.24422
-0.0042139
0.468205
0.124653
1.69073
1.49194
0.291876
-1.039
-0.524371
1.65904
0.309746
-1.14186
-0.0863931
0.746348
-0.175804
1.84348
1.47079
0.795547
-0.572961
-0.700374
1.43073
-0.784339
-0.277312
-0.988844
0.557839
-1.99838
-0.291977
2.19027
0.481283
0.953456
0.43649
0.176133
-0.264253
0.37159
0.106021
-1.42677
-0.0279433
1.80081
1.76455
-1.93103
0.506979
-0.681031
1.54523
-0.373811
1.93528
-0.553293
0.12872
1.78931
1.02979
3.54118
2.33343
1.76498
0.788736
0.919251
1.88113
2.8349
0.0616917
-0.2371
-0.0366569
1.94106
-0.0552435
2.0462
2.41532
-0.921598
1.56768
0.576228
0.42941
1.43609
-0.592629
2.75505
1.13577
1.76589
0.0153927
2.52971
1.29922
1.41677
1.4635
0.598169
-0.312841
-0.251714
0.775863
1.50299
1.09082
0.213104
0.71019
0.46154
3.31668
2.26643
0.258059
1.0715
1.72718
-1.21476
0.0375516
-1.41093
-1.17073
0.608759
1.16627
0.625492
1.54297
0.429133
1.27753
0.259384
0.710566
-1.55707
0.808569
0.690883
2.36271
1.38151
0.423956
0.914802
-0.764389
-0.10654
0.322409
-0.580869
1.98235
-0.499063
0.752396
1.44841
1.25834
0.179674
1.5658
-0.418441
-1.33828
2.10653
2.54475
0.797895
1.61109
1.36254
2.05795
-0.715751
-0.528976
0.994297
-0.735956
-0.47389
0.738619
2.35038
0.402167
3.61937
1.97729
1.22269
1.11843
0.37624
1.1317
0.402665
0.25704
1.91332
2.29363
0.866704
1.74053
0.355713
0.251142
-0.602973
0.118483
-0.145145
2.9907
-1.81683
-1.42459
1.0814
-0.247854
1.73969
0.606846
-2.13935
0.852635
0.65375
1.74336
1.41957
0.471659
1.07048
-3.09693
-0.321215
-1.15357
0.0223704
-0.79032
-0.438724
-0.584627
0.454295
-0.861111
-0.85056
-0.815862
-0.40077
-0.833893
2.97277
-1.19143
1.25447
1.81405
1.51719
-1.34474
1.02842
2.98821
-0.316414
0.193673
0.352846
-0.03272
0.410971
-1.15798
-3.12336
-1.73777
0.593397
1.17873
0.276851
-1.36651
1.39739
1.71769
0.946677
-1.10991
0.148382
-0.799495
0.0875132
0.566811
-0.823714
-0.791122
-1.38889
-2.12573
1.0291
-0.784551
-0.601542
0.763411
3.21386
1.06981
-0.995159
-1.3433
0.80776
-1.14211
2.83817
0.592524
1.06804
1.49735
1.78205
0.127803
1.60398
-1.53681
-0.978887
-0.361068
-1.34271
0.0803571
-1.55695
-0.183427
0.29546
-1.4713
0.0680981
0.60912
0.0152133
1.57136
-0.124952
0.447276
-0.062624
0.391431
1.77778
-0.166009
0.299999
0.645786
-0.305208
-1.34767
-0.799336
1.21515
-0.614475
0.853558
-0.151528
2.14866
0.222515
1.52665
0.356242
0.521712
2.03623
-0.704783
1.39713
1.93764
1.14649
0.996981
-0.0929075
0.0933314
0.687629
1.47581
-0.531857
0.978215
-0.397623
-0.613876
0.617571
-0.343113
-0.147381
-0.226058
0.384883
-0.819637
-0.538134
0.586896
0.297815
2.42813
-1.08511
-1.50744
0.443577
-1.31345
3.11893
0.525978
0.989935
0.354718
-0.871946
-0.0443703
0.792304
-0.452296
-1.69754
1.73959
0.680621
1.3656
-0.227468
0.855751
1.33592
0.956975
0.446299
-2.73029
-0.835623
-1.19968
0.962842
3.978
1.5039
-0.604165
-0.356478
-0.806064
-0.622679
-1.04578
-0.311085
-2.13826
0.808372
1.36142
0.41484
-0.493288
-0.0585032
0.349342
0.277572
0.393364
1.82501
-0.919564
0.790544
1.45542
0.713606
-0.34137
-0.596226
0.3855
-1.95242
-0.613117
0.837775
1.26278
-1.64815
-0.0855755
0.651132
1.22345
-0.821219
-3.25873
-1.15043
1.01807
0.767944
-0.0771475
0.99698
-1.29373
-0.586381
1.1921
-0.274994
-0.555887
1.56839
-1.2959
1.03581
-1.09815
0.0145204
-0.461123
-1.00509
-1.29144
-0.628315
-2.31511
-0.243459
-1.49397
-0.757787
1.0469
0.506623
-3.10261
-1.14612
-1.97273
-3.17281
0.751406
-1.35306
-1.93925
-0.694334
0.296129
0.756221
0.251103
-2.54116
1.0733
1.01025
-1.60496
-0.659173
-0.336431
0.431084
0.542311
0.199109
0.98589
-0.857843
0.664191
-2.15019
-0.686287
-0.175538
-0.754144
0.142961
-1.93979
-0.502155
-1.76111
-1.7514
-0.96281
-0.334772
1.16034
0.00568761
0.577767
0.88791
1.39073
2.26418
0.875824
-0.0733588
1.17506
0.00123897
-0.0107809
0.176549
-0.202232
-1.23763
-1.22317
-0.502042
0.0494611
-0.0582487
-0.510651
0.306334
1.34407
2.34818
-0.2132
1.09842
0.662366
-0.839476
0.411221
-1.19577
0.048077
-0.386714
-0.594105
0.150874
0.309981
0.215267
-0.865289
-0.3597
2.81389
0.0840857
1.02761
0.0476005
-1.14981
1.87929
-0.399162
0.334991
-0.494195
-0.964693
-2.16228
0.127121
-2.38832
-0.15762
-0.31908
0.632815
-0.54029
-0.229797
-1.70008
2.19996
0.725636
-1.17172
2.13763
0.592222
0.329063
-0.0151693
0.517018
-1.21256
-0.0432789
-1.76334
-1.58744
1.65192
1.15884
-0.261079
-0.821947
-1.20394
-1.3668
-0.558751
-1.4569
0.316106
-0.0821199
-0.687303
-0.424733
0.659844
-0.419926
-1.21526
0.285938
-0.921875
-2.87285
0.654425
1.00577
-0.736833
-1.00572
-0.136208
-0.271676
1.15597
-0.108102
-0.567942
-1.80645
-0.264822
0.959148
2.37558
0.86788
-0.659772
1.28239
-2.01569
-0.864149
1.10854
0.937734
1.8371
-0.167834
0.251204
1.73027
0.685788
-0.676876
0.614185
0.390451
-1.16526
-1.64174
2.05833
-2.05888
0.25956
-1.50967
0.67733
1.23081
-2.17236
0.984714
0.225524
-1.95072
-1.35378
0.558174
-0.618339
-1.27476
-2.83716
-1.10932
-1.1771
-0.974727
-4.02575
-1.56383
-1.21844
-0.583852
-0.931186
-0.629897
-2.12962
-2.76457
1.62314
-0.568631
1.45552
-0.196407
0.392653
0.0901953
0.527224
0.0844898
-0.374458
-0.300596
0.683929
-1.307
-0.473366
-0.399303
-0.109906
0.445088
-0.342029
-0.429887
-0.163916
2.44936
1.15039
-1.07564
-0.692336
-1.01705
-1.9588
0.282329
-0.879131
-3.87438
0.808882
-2.04428
-2.21807
-1.65398
-1.77535
-1.05816
-0.122872
-1.32332
-2.16917
-0.693245
0.661659
1.41676
-0.37772
-0.727584
-0.325752
0.454085
-1.50917
0.732588
-0.0185608
0.894952
0.376531
0.0132364
0.862151
0.41666
-1.71121
-1.57632
-1.43109
0.731506
-0.255585
0.614578
1.0075
1.8418
-0.565716
-0.674059
0.0876893
-1.13306
0.998977
-1.50787
-0.518759
-0.833212
-1.22947
-0.540617
0.210342
-1.94727
0.466059
1.96057
0.679492
-1.03687
-0.516981
-0.0688452
-0.697383
0.927666
0.204926
-1.05264
-2.01018
-2.67806
0.568425
-0.335407
-0.146396
-2.64911
-1.60288
-0.754363
-0.216094
-2.57104
-0.39738
0.0774656
0.571612
-0.0153466
-1.38302
0.783787
0.0828748
2.21258
-0.654894
0.62811
-0.0435349
-0.347518
0.904346
-0.312461
-1.72487
-0.349541
0.902454
-0.716568
-0.400516
-1.48005
-0.880472
1.26555
0.159718
2.88954
1.02381
-0.238567
2.8433
-0.600253
-0.329984
-1.06291
1.27828
0.410694
-0.519233
-1.33729
-0.0242068
-1.20033
-0.43161
0.884914
-1.57668
2.22582
1.44616
2.3053
0.596303
0.275744
-1.07809
0.915594
-3.12761
0.693373
0.117174
0.748778
-1.37277
-3.52399
-0.67057
1.14641
-0.733732
-0.534459
-2.56043
1.76107
0.490488
-2.29384
-3.17608
-1.3425
-3.34361
-0.749845
-1.69202
-1.68439
0.459547
0.211429
0.301605
-0.780242
0.0221361
-0.63399
-4.0093
-1.85109
-2.26496
-0.0376775
-0.575805
-2.91409
-2.77049
-1.56684
-2.12429
-0.53641
-1.25656
-1.08804
-1.84143
-2.05793
0.611437
0.632888
-0.206029
-2.16046
-1.809
-1.90761
-1.01606
-3.63505
-1.8139
-3.04534
0.0339246
0.251064
-1.71946
-2.36832
-3.15015
-1.51033
-0.683313
-0.602987
-0.742976
-1.04337
-0.229386
-1.6225
0.887553
0.982727
-0.378481
0.580566
-3.03103
-0.978898
-1.84603
0.811912
-1.06558
0.676418
-0.285306
0.146332
-0.269451
-0.513998
-1.97224
-2.4923
0.94498
-0.728235
0.270324
0.739807
-0.831525
1.58083
-0.255609
-0.38053
-0.0218799
-2.39387
0.590337
-1.55373
-2.30886
-1.37667
-0.212978
-0.687582
-0.993108
0.0555442
-0.433516
0.742126
-2.43996
-1.08321
-1.60836
-1.18371
1.02767
-0.162779
0.976693
-0.96726
0.88117
-0.529679
-2.06156
0.559267
0.4021
-0.428133
-2.34655
0.0657695
-1.63841
0.856282
-0.299989
0.876353
0.0528098
-1.86824
-0.559353
0.403059
-0.456394
-2.03331
-0.589424
-0.278209
0.649584
-1.26309
-1.94127
-0.373984
1.18014
0.586677
1.31504
-0.790061
-1.07686
0.811386
-1.36333
-1.49955
0.71259
-1.13278
0.870727
-1.98095
-0.859834
-1.58225
-0.987022
0.0944475
0.123829
-0.0816824
-0.579915
0.572692
-0.680437
-1.27082
-0.176493
1.71094
0.440812
-0.381857
-2.79252
1.35375
0.365797
1.04932
-0.613805
0.0897605
-1.60238
1.78956
-0.465795
-0.90573
-3.41309
-2.44294
-2.60148
-4.33034
-2.89805
-2.97241
0.111241
-3.1494
-1.09748
-3.32824
0.812153
-1.945
-1.24716
-2.99032
-0.146495
0.467924
-0.50011
-1.45643
-0.749216
-0.313584
-2.96149
-0.570786
-1.64183
-0.388303
-1.7629
-0.00501886
0.204518
-2.1335
-0.486829
0.400503
0.298659
-1.34952
-0.303009
0.12273
-0.205226
-0.44333
-1.48642
0.762951
0.280585
-0.362972
-3.46972
0.97423
0.930312
-3.88932
0.050421
0.413578
-2.33911
-1.02151
-1.5986
-0.623937
-3.48835
-2.11817
-1.18266
0.562604
-0.616473
-1.13207
-1.49042
2.03708
2.45013
-0.772344
-0.182341
0.383985
-2.3457
1.87186
-2.44164
-2.83115
-2.45197
-0.443632
-1.92739
-2.0346
-1.27727
-1.88339
0.29842
0.196518
-0.5222
-2.40621
1.16992
0.102637
0.81641
-2.2552
-1.07873
-1.1844
0.420851
-1.18188
-1.97062
-0.156181
0.0822119
-1.4303
-0.626377
0.33675
-0.642109
-2.28378
0.299258
-0.198491
-1.78092
1.60563
1.18896
-1.28482
-1.36862
-0.906057
0.656958
-1.5254
-2.94389
-0.640977
-1.07999
-0.9138
1.20903
-1.95038
0.565347
0.591418
0.735143
-2.37703
-1.03939
-0.266793
-1.20261
-0.693236
1.5609
1.24013
0.683353
-2.0744
-0.336718
0.155123
0.418639
-0.867392
-1.20797
-0.984566
-1.52627
-1.8997
-0.74631
0.831444
-0.257264
0.765424
-1.1378
-0.148463
0.0687412
1.62372
-1.78703
0.384727
0.561562
-0.719259
-0.106571
-1.42763
-0.876504
0.0771398
-0.733613
-0.802898
0.388614
0.532926
-1.61149
-0.385951
-0.817804
0.923051
-1.08433
-0.125461
2.14535
-1.5153
0.49919
-0.307875
-0.223802
-2.60385
-2.8448
-1.68158
-3.67311
-1.48729
-3.51232
-1.36623
-1.86048
-1.006
-3.91447
-4.09478
0.835538
0.125312
-1.69333
-1.18392
-3.91979
0.403978
-0.769822
-0.519709
-0.879709
-2.33234
-2.03175
0.324543
-2.92323
-0.407006
-3.5973
-0.481884
-0.462595
-1.47057
0.195641
-3.14675
-0.0518725
-2.24267
0.177431
-0.947694
0.056434
-1.42291
0.92979
0.211738
0.323255
-2.01478
-0.391352
-1.14377
-2.2005
-0.55783
-3.51612
-3.63188
-1.08275
-3.52919
-1.92054
0.130679
-1.22213
-1.84105
-2.4827
-0.235146
-2.0882
-0.154906
0.252041
0.843774
-0.707716
-1.5758
-0.624189
-1.28911
-1.42488
-0.285824
0.189581
-0.461668
-0.575322
-1.83814
-0.406797
0.631576
-0.105867
-0.155285
-0.709037
1.92787
-2.35218
0.658916
0.118302
-0.444522
0.592103
0.231086
0.94133
-0.748127
-1.07141
-0.193521
-0.0287889
-1.52408
-3.22668
-1.83682
-2.50047
-0.771153
1.43131
-0.140725
-2.47388
0.608387
1.05018
1.12778
3.16276
-1.0452
0.620322
0.0322398
-0.744128
-0.741604
1.85167
-1.93403
0.658565
-0.627843
0.587831
-0.748614
-0.632715
1.96984
0.946411
1.5043
-2.71095
0.639156
-2.22025
0.91906
1.0009
-1.39451
0.0774349
-0.914061
-0.342624
-2.19179
-1.95899
-0.324219
1.64684
-0.583733
-3.15899
-2.17461
0.988047
-0.840227
-0.270988
1.35711
-0.299205
1.31485
-0.152764
0.289404
1.116
0.556591
-0.519983
-1.40015
0.478893
-1.12648
-1.45223
1.57467
1.71994
0.209056
0.543251
-0.291116
0.523002
-0.985403
-0.884249
-0.393259
0.372631
0.0625497
-0.649202
-1.21926
0.947616
-0.640853
-2.82756
-0.388397
-2.47524
-3.28026
-2.59512
-2.89453
-2.11246
-2.56603
-2.85505
-0.918459
-3.53564
-3.18121
-2.15752
0.909403
-1.10941
-1.93322
0.313703
-2.5421
0.287405
-4.02083
0.469108
-1.98016
-0.446377
-2.5602
-0.656149
-2.28233
-3.5982
-1.89315
1.10365
-3.56393
-4.48003
-3.31336
1.41539
-2.94044
0.0849373
-0.938634
-2.89746
0.778177
-0.752004
-0.305012
0.289857
-1.43327
-2.96235
-0.768016
2.26167
0.0648123
-1.76534
0.349381
-3.02015
-0.187447
-3.6414
0.344074
-0.414227
-2.80594
-2.52578
-1.00406
-1.91231
-0.696633
0.391043
1.6223
-0.709258
-1.50572
-0.349812
-1.70573
-1.48635
-0.310586
-1.22447
-1.36417
-1.33258
-2.17858
-1.3141
-1.92452
-2.07299
1.31728
-0.611656
1.0358
0.582425
-0.56257
0.0189669
-1.80093
-1.37879
-2.45049
-0.34566
-1.58936
-0.795873
-0.190587
-2.15338
2.20624
-1.6877
-0.649552
-1.00283
-0.372022
-0.761537
-0.510553
0.657826
-0.193504
-0.0918834
2.09435
-0.651824
0.318807
0.187831
-0.81128
-0.829533
-1.33065
1.77098
-2.35137
-0.955179
-0.34277
-1.32427
-0.559512
0.51194
-1.13436
0.688849
-2.19002
-0.433982
0.194272
-0.600114
1.16909
0.318316
1.05544
-0.746451
0.603592
0.205561
0.741563
-0.95893
-1.41578
-1.73539
-1.60785
0.648545
-0.970798
0.362772
-0.735981
-1.69613
0.0896877
-0.97618
-0.66357
-0.202942
0.684013
0.0908069
-0.147352
0.427722
1.80298
0.846525
0.934693
0.219997
-0.282091
-1.71636
2.47652
1.84025
-0.813448
-1.40011
-1.24316
-1.42707
-0.393798
-1.07642
-0.406199
-1.55715
-2.93555
-2.18126
-0.225444
-0.939235
-0.382584
-0.947978
0.0607729
-4.36374
-2.38582
-0.603707
-3.27091
-2.76213
-1.78175
-4.51407
-3.04146
-3.72805
-3.31546
-1.37684
-0.616321
0.406793
-3.22524
1.16363
-1.07798
-0.375917
-0.321112
-2.69392
-0.104021
-2.05389
-0.563441
-1.38152
-0.190982
0.101115
-2.15542
-0.400291
-3.02937
-0.218341
0.0513582
-0.182262
-3.8014
0.245956
-0.357382
-0.812285
0.984773
-1.26258
-0.853095
0.852493
-2.31684
0.549555
-1.52257
-2.45513
-1.77984
0.952392
-2.15581
-1.36832
-0.405569
-0.0410074
-1.29064
-3.05131
-0.841333
0.00570961
-0.581901
-0.0915822
-0.282925
-1.89493
-1.28193
0.562987
0.194248
-0.801737
0.128888
-0.369235
-0.737779
-0.87457
-2.69895
-3.12914
0.621415
-0.25317
-0.201569
-0.956593
-1.66332
0.259034
0.428164
0.720328
0.375556
1.74557
-0.732313
-0.26807
0.353862
-2.71192
-1.37171
-1.55354
-1.40507
-2.83646
-3.78659
-1.14122
-0.224743
-0.204237
0.385088
3.33537
-1.87312
-1.63827
-0.737176
2.34514
0.23775
-1.26638
0.0315834
-2.26338
0.669117
-0.966649
-1.73324
0.173975
0.562919
-1.25652
-2.58431
0.00568471
1.09628
-0.844259
-2.26163
-0.480707
1.38896
-0.146025
0.536352
-0.423349
0.200191
-2.94662
-2.31468
-0.195012
-0.336643
-0.781762
-0.441574
0.239359
-1.96335
-0.483959
-1.47566
-1.34706
1.33936
-2.58574
-1.1039
-1.10096
0.347036
-0.0914502
-1.72137
1.92245
-2.47186
-0.361297
0.684455
-1.26117
0.481563
1.19838
-0.832277
-2.20958
-0.926222
0.336965
0.413274
-1.74893
-0.657375
-1.00589
-0.404154
-1.92913
-0.240898
-1.12801
0.511102
-1.22503
-0.347245
-0.93856
-1.91568
-0.689303
-1.55188
-2.20853
-4.0409
-1.53563
-2.43496
-1.68512
-1.8683
-4.71201
-1.13225
0.914039
-2.39771
-1.17402
-2.52002
1.06286
1.44688
0.940514
0.885951
-1.57986
0.244359
-1.26174
-2.65796
-1.68669
-0.505801
-1.93418
-1.70381
-0.236416
-2.2322
-3.25299
-3.35991
-1.69342
-1.58568
-0.235806
-1.00347
0.710915
-1.98088
1.70768
2.03442
-0.181308
-0.536847
-3.49966
-0.688561
-0.5257
0.469207
-2.20497
-2.06365
0.108849
-0.245785
-0.461853
-0.731118
-2.11046
-1.29217
0.516974
-0.451082
0.029188
0.697476
-0.746415
0.421072
-1.74595
0.042956
-0.820599
-1.57769
-0.617649
-0.663364
0.425349
-0.963965
-1.53178
0.65758
-1.12874
-1.08402
-0.999153
-2.41996
-2.39861
-1.02601
2.64582
-1.44187
1.40172
-0.508066
0.51338
-0.390247
-1.77127
0.280977
-1.77328
-1.86249
-0.845475
-2.29839
-1.34597
-0.221646
0.779238
-1.40342
-1.03266
-2.14606
1.12717
1.69552
-1.76488
-0.446564
0.0186263
-0.0275583
0.940226
-0.14705
-0.769301
-0.702513
0.919052
-1.02718
-1.4814
-2.26541
-1.91819
-0.515405
-1.03148
-1.17234
1.41708
-2.22413
-1.03203
0.239034
-1.03418
-0.18856
0.78058
-0.413214
-2.16676
1.37965
2.21161
-1.13419
2.62491
-0.609879
0.514977
0.324943
0.750302
1.52357
-1.25567
-2.1575
0.668241
-0.459826
0.892313
1.24382
-0.331193
1.05393
-0.878236
-1.27914
-1.33674
0.558999
0.617299
0.10408
-1.40824
-0.54708
-1.79855
-0.96272
-0.820171
1.09327
0.480255
-0.462078
-0.433012
-1.93352
-0.0306336
0.509481
0.148006
-0.0267393
0.718449
1.15549
0.868931
-1.17997
-0.932168
-0.926567
-3.95514
-1.45308
-1.4183
-1.77735
-0.665677
-3.78746
1.08257
-0.794193
-2.37247
0.404504
-1.73138
-1.06653
-0.0911561
2.05705
0.445732
-0.22439
-2.25591
-0.49088
0.430443
0.0687023
-0.815685
-0.260095
0.552117
-0.320333
-0.391638
-0.161639
-0.240305
-1.14683
0.467902
-0.842668
0.0436849
-1.57052
-0.0729652
1.67735
1.05217
3.74148
-0.629018
-3.02249
-1.69093
-3.03715
-1.46465
-0.559052
-1.6547
-1.80597
-1.14339
-0.335731
-1.40274
-1.66881
-1.37474
-3.44431
-0.88418
3.0218
0.100116
-2.49405
1.99473
3.29052
2.02828
-0.0452005
-1.1962
1.24937
-3.4834
-3.1737
-2.0726
-2.38858
-0.245862
0.00124101
0.41511
-0.877416
-0.691074
-0.265361
1.63504
-1.00323
-0.425477
-0.679692
-1.63675
0.663883
-1.11634
-1.2062
0.803064
0.379259
0.741297
0.0757819
-1.52831
-2.71004
-0.939235
-1.20421
-0.748528
1.15152
0.414141
0.321618
-0.232066
-0.277685
-0.14647
0.3628
-0.567224
2.21044
-2.00061
-0.065604
0.948389
0.498808
0.633695
-0.332272
2.19542
-0.517108
-0.608468
-0.598541
-0.724684
-0.345075
0.353708
-1.65137
-1.35432
0.325661
0.0504111
-0.362352
0.698081
0.436963
0.180391
0.0526403
-2.3718
1.88141
-0.014277
1.96061
1.37212
-1.40092
-0.622426
-1.35056
0.729366
-0.00938276
1.68151
1.48444
-1.15042
-1.36031
-0.388484
1.53305
0.425191
0.675661
-0.360879
0.254998
1.20094
-1.8764
-0.885711
1.70243
-0.0349389
0.443818
-0.592153
0.90404
0.343003
-0.291162
0.210541
1.78082
-0.413096
-1.86891
-1.83565
-1.48989
0.947948
-0.435012
-0.232067
-1.38454
-2.15659
-0.865261
-0.140711
0.0898627
-1.05902
0.207133
-1.93823
-1.18777
-2.11215
-1.16461
-1.34853
-0.655437
-0.272438
0.440112
3.51867
-1.21298
2.69957
1.12744
0.181116
-1.89598
-0.44662
-0.887835
-1.36265
-1.99998
-0.661805
-1.45385
-3.11408
-0.164399
-2.04007
0.521439
-1.23316
-1.5142
0.22439
1.1077
-1.2415
3.27906
3.28259
2.70882
3.16986
1.91909
0.2385
-2.08181
-0.692532
-1.3004
-0.638315
0.734003
-0.316264
0.606288
-1.81762
0.243379
0.277688
-2.25513
-0.565208
-1.00051
1.50521
2.238
1.49423
0.299006
-1.43768
-2.23027
1.22048
-1.97501
0.0160174
-0.373459
0.442462
-1.93454
0.250307
-2.50366
0.335516
0.175691
0.381665
-2.00075
-1.15715
0.348669
1.01008
1.15059
1.48829
1.30767
0.987419
0.292806
2.36378
-0.072359
0.0998884
1.46317
-0.971079
-0.0218391
-2.93734
0.698325
2.0301
1.01311
2.23228
-0.440022
-0.984004
-1.86484
0.144605
1.10898
0.194438
2.06589
-1.1221
2.4699
-3.14341
-0.0239852
-2.87151
-0.249234
-0.994523
-0.661612
-0.796784
-0.605268
-2.06683
1.14401
-0.254316
-0.96269
1.78931
0.301949
-0.211075
1.00203
-1.17538
1.28792
-0.0407688
2.09696
-0.678164
0.552767
-2.07329
1.30605
0.424474
0.0411972
-0.249363
0.658604
-1.07118
0.239546
-1.81469
-1.86043
-2.31792
0.951614
0.889765
-1.07127
0.0944901
-0.32453
0.267708
1.60537
0.671001
1.83146
0.628693
-0.133375
-0.394033
-2.23349
-0.325202
-0.811552
-1.49208
0.340475
1.8896
-0.637609
1.48557
-0.629518
-1.31383
-1.81835
4.99718
3.37274
1.88414
-0.0776713
2.97281
-2.30529
-1.89646
-1.33763
1.31124
-0.560537
0.639068
-0.0594177
1.31518
-0.792066
-1.44674
-0.253291
1.40218
0.360605
3.65344
3.74927
2.10729
0.44975
2.44251
-1.01738
0.764925
-0.495885
0.1037
0.281574
0.0347992
0.467282
0.264375
-0.57228
0.215563
-1.96741
0.0817772
1.45742
0.0809148
1.87966
-0.422983
0.126081
2.7605
-0.189642
0.0765743
0.905339
0.518561
1.05695
-0.696287
-0.918063
1.31105
0.14828
-1.38713
0.430766
-0.701949
0.269879
-1.45383
1.80321
1.26001
-0.368231
1.9551
2.99256
2.44136
2.06622
0.353947
0.293273
-0.0265559
0.917547
0.67063
-1.09363
-2.15214
0.702976
-0.00490749
-0.0480104
-1.09976
-1.02336
1.45247
1.1247
0.861266
0.86505
2.1231
0.995623
2.19252
-0.507782
1.05053
-0.0114707
0.375508
-0.854048
0.0685071
2.25126
0.942696
0.474636
2.48618
2.01699
0.0620678
-1.49909
-0.782831
0.131584
0.87653
2.09103
2.53967
0.332476
-1.13282
0.470636
-0.0147024
2.0734
-1.35528
-0.762155
2.07139
-0.647483
-0.685609
-0.482598
-0.462562
-0.979835
-0.338282
-0.482582
-2.88396
1.67261
-1.86006
1.23513
0.856421
0.876441
-0.424679
-0.324656
0.38341
-0.858924
1.20084
0.0922123
1.04206
0.0788969
0.429847
0.287377
-0.190789
0.189777
-1.67588
-1.49832
-1.13135
-1.36262
1.52814
0.708783
0.983294
2.37687
1.13432
-0.774683
0.526892
1.8831
-0.0524614
1.8034
-1.06579
-1.08167
1.3637
-0.790859
-1.38808
-1.5214
-0.838507
-0.976778
-0.489234
-2.84994
0.420533
-1.13911
0.14599
-0.578234
3.87941
4.55895
2.35454
0.761381
0.144396
2.88836
-0.708576
2.19978
-0.130265
1.34579
0.75359
0.249916
2.04366
0.518442
1.1629
0.334187
2.25981
0.724471
1.73717
4.76049
4.13192
2.35036
3.59595
2.32894
1.88151
-0.0562524
2.00226
0.227758
1.48657
1.05141
0.915313
-0.783243
1.65345
0.581012
-0.0720715
0.838435
1.59148
1.14339
2.84241
3.65546
3.93281
2.99109
3.03777
1.30619
-0.858064
1.03798
1.25724
-1.50774
0.266704
-0.0342
0.927499
1.5634
-0.0638944
-2.09603
1.60969
2.40393
3.77579
0.784408
2.68706
2.73477
1.0334
1.59487
1.19726
-0.216943
1.37256
0.904221
-0.323325
0.562496
-0.41574
0.281104
0.520455
-0.0679179
0.213526
0.431324
2.55831
0.62215
1.32966
1.31964
1.07451
1.61072
3.40655
0.921281
1.5501
1.62012
-0.446468
0.486724
0.476445
0.340478
0.479204
0.0776331
1.34918
-1.00721
1.47381
1.26438
-0.0585384
1.57089
1.48071
1.03284
2.68645
1.34088
0.910731
1.9375
-3.51203
0.200915
-0.0676817
0.124391
0.49418
-0.407481
-0.745101
-2.37085
1.31106
0.100377
1.31696
3.25245
-2.02851
-0.617358
2.14914
0.427723
0.548037
-0.321774
1.1524
0.201201
0.403987
-0.509257
2.96315
0.0370454
1.67331
-0.0675667
-1.69112
-0.225633
0.503482
-1.57907
1.84633
-0.65039
1.27662
0.895098
0.077571
0.676156
1.69613
0.141595
-0.349789
-1.48703
2.23746
1.82166
1.83186
-2.13792
2.13746
1.35137
0.945412
1.299
-0.199982
-0.244384
-0.729468
-1.06965
1.64174
-0.943229
-0.97386
-1.37739
0.0233861
0.864782
3.20859
3.99704
3.0597
3.03792
3.68078
3.05234
2.54901
2.77781
-0.282082
2.0027
1.62818
1.60563
1.42871
2.63018
3.58562
3.48135
4.23859
2.3116
2.74956
4.67657
3.90086
0.773476
0.130278
-0.0920579
2.23788
0.351871
2.12163
-0.183932
-0.475506
0.161419
-0.429609
0.536745
-0.0691153
2.25655
0.53109
4.33879
-0.659122
2.72002
-0.113525
5.33169
2.32528
3.49234
1.09808
1.10055
1.61127
1.23443
0.046788
2.26998
0.234425
1.16669
0.962024
2.69633
-0.396457
0.178352
3.30118
1.66999
2.3553
4.15038
4.15497
4.87454
3.73722
0.698155
3.36487
1.7231
0.863985
1.10776
-0.113904
1.90183
1.23277
-0.253972
1.58785
2.462
2.88228
-0.977231
3.38425
1.72117
2.41659
2.93727
2.1795
3.3244
2.07745
3.49761
2.53764
0.224668
-0.657294
1.17363
0.856902
-0.0352081
-0.530556
-0.656503
1.03421
2.08474
2.02749
0.179754
0.257609
0.864706
0.0139132
3.96599
3.22969
2.53888
1.96772
-0.0803618
-0.291371
-0.985436
-1.41923
-0.00328024
1.14267
2.25537
-0.541989
-1.98369
0.793031
-0.642747
-0.550477
-0.705969
0.718029
0.900849
-1.38026
1.46876
0.134026
2.15023
2.94206
0.604795
0.116771
-0.46676
0.499524
0.685854
-0.51819
-0.30149
-0.461375
-0.788755
-0.921903
1.55717
0.227461
0.567696
-0.678091
-0.933107
1.09122
2.05145
0.447752
-1.23299
-0.251492
-1.10681
0.650841
-0.67988
0.195509
-1.0904
1.22351
-0.749271
2.75592
-1.48719
0.000177168
0.357203
-1.94564
-1.01751
0.240516
2.27291
-1.69327
-0.601883
1.52689
0.110582
5.14469
6.98978
5.54514
4.63464
3.71497
3.05128
1.9277
3.26123
1.97332
3.15256
3.57576
3.60618
2.96553
3.76219
0.731555
3.6447
3.3722
4.21881
5.3699
6.16302
4.57703
5.37433
5.6289
4.58778
3.66148
1.17631
2.7853
3.22938
2.53081
1.91103
3.83238
1.9103
0.968716
3.19166
3.55513
3.37757
2.52429
1.53436
3.14365
6.66214
4.03573
3.21055
1.81647
2.51649
3.20147
1.80668
2.23586
0.3011
1.25517
1.57045
1.48909
1.41108
0.579929
1.8556
2.05935
1.97716
0.577954
2.98727
2.9179
3.61171
3.05628
2.17485
1.38179
2.8323
0.777036
1.79132
2.18436
4.21182
-1.98511
-0.638799
1.49269
0.575645
-1.14947
2.82385
1.82493
1.29424
1.91029
1.11036
3.61412
2.8441
4.09512
2.76607
3.29204
0.306648
1.65644
1.13473
2.6859
0.383151
1.25644
1.35144
0.95833
2.95906
2.00379
-0.805533
1.62569
0.873115
-0.189995
1.32491
2.75061
2.88433
1.08552
2.10632
1.18758
0.84273
1.0914
1.60905
0.0899493
-1.13667
0.357476
0.406393
-0.465483
1.5295
0.656904
3.52991
-0.377338
0.207094
2.05231
1.86706
3.01208
-0.543649
1.07893
-0.284587
0.574992
1.03235
2.95742
0.756655
0.140451
0.290292
2.18635
2.14342
0.949343
-0.259923
-0.348305
-0.0520331
2.1634
1.15641
1.76036
-0.0401564
0.330392
0.00115446
0.0901417
2.1427
-1.50648
0.418655
0.970208
1.64106
0.953605
-0.549039
-1.58903
-0.599205
2.11429
-0.0427629
0.542945
0.605333
0.573152
1.54363
-1.51381
1.56639
2.12556
0.564589
)
;

boundaryField
{
    hotSide
    {
        type            calculated;
        value           nonuniform List<scalar> 
400
(
3.56357
1.71663
2.75801
3.5878
1.43391
-0.276169
-0.617095
-2.55759
-0.28132
-2.01577
0.0692331
0.499459
-2.64927
-1.71454
0.2058
0.410517
4.43332
3.28749
2.58695
4.4917
4.11693
3.41295
1.47853
0.635819
0.674797
0.203504
-1.86724
0.599819
0.350607
1.37646
-0.737547
-1.08874
-0.693209
-0.836521
0.643047
-0.972247
2.80906
3.96718
3.37555
6.33692
3.96905
5.32625
3.13635
2.40676
3.18661
-1.18662
-1.13068
-0.159008
-1.77059
-0.878572
-0.653177
-3.27518
-1.40674
-1.4276
0.356708
-0.769104
1.32064
1.76294
2.43837
4.89242
6.04932
3.71838
2.62737
3.74408
1.9793
-1.1536
0.674413
-2.33488
-3.92147
-1.31818
-3.03292
-0.835738
-0.849838
-2.40449
-1.69198
-1.92138
-0.640994
0.16994
2.41673
3.98205
4.40192
3.83108
2.95096
1.8489
1.4113
-1.75095
0.134543
-1.73755
-1.06769
-3.82521
-3.27357
-2.92231
-1.41498
-1.17789
-1.44397
-2.69325
2.40965
-0.44689
3.05973
3.0625
3.46658
4.27014
3.8276
1.22839
0.435494
-2.48737
-3.4743
0.174766
0.749624
-2.85475
-2.11007
-3.72707
-0.405991
-2.04024
-1.43817
-1.40175
-2.86829
2.29721
2.43141
2.39893
5.39063
4.25943
1.783
1.76631
0.566413
0.667854
-1.51746
-1.00141
-1.13021
-3.01301
-4.10133
-3.04169
-4.8303
-2.69671
-4.46658
-0.677048
-2.45932
-1.2996
1.92819
1.27544
3.27005
1.82206
1.52611
2.57035
1.52864
-1.14548
-2.34376
-1.65756
-0.930681
-4.74163
-1.9153
-3.34092
-2.8522
-4.52893
-1.96438
-0.446349
-1.90038
1.60885
2.15707
2.60905
3.76145
4.10599
4.77894
3.35683
2.48265
-0.962238
-3.54363
-3.21976
-2.95647
-3.30919
-3.94019
-2.55871
-1.06998
-2.02355
-1.9295
-1.59515
0.748561
-0.721128
-0.902757
1.3212
4.35502
3.98374
2.95166
0.635651
-0.290427
0.402836
0.380705
-1.49182
1.36512
-3.38346
-1.79402
-3.01221
-3.73712
-2.92283
-2.28851
-0.328953
-1.12318
0.754962
1.38205
2.50046
2.32178
3.0799
2.54262
0.908431
-0.589219
2.85329
-1.72377
-1.5596
0.0945424
-0.299806
-2.28827
-3.30123
-3.22834
-2.17299
-1.17684
-2.47432
0.0764279
0.162761
1.00754
2.92367
5.42536
2.7758
3.23257
0.574097
-0.388905
0.709117
-2.31007
-1.35733
-2.68988
-3.56053
-1.43387
-1.36471
-2.24802
-2.35622
-4.29867
-1.7239
-0.622099
-0.340947
0.984958
2.95406
4.18804
2.27548
5.08269
1.24004
1.58856
-1.35609
-1.06537
-4.40855
-3.5723
-1.50878
-4.34249
-3.98203
-4.98045
-5.20005
0.571266
-2.64836
0.752426
1.45273
0.807968
2.31335
5.10013
4.07204
0.760636
2.46059
-0.408081
-1.70455
-0.075206
-1.9469
-1.73898
-3.73977
-4.52301
-3.62778
-3.50802
-1.62044
-1.30564
-1.70095
-1.35493
-0.0725857
2.00936
3.10994
4.12832
1.83066
2.27776
0.946299
1.69296
0.446124
0.384531
-1.60184
-3.74039
0.400344
0.407052
-2.60433
-4.19481
0.425672
-2.88407
-1.88501
-2.00974
0.571759
2.96469
0.0792094
1.75159
4.27531
2.91619
1.83155
2.06164
-1.50416
-0.120978
-0.967628
-1.14697
-2.35712
-0.303457
0.462338
-3.78246
-2.8863
-0.107294
-1.1921
-0.816448
-0.257099
2.8603
2.99223
2.27781
6.80308
3.37728
1.8305
-1.27573
2.47568
-2.91365
-1.31534
-2.0895
-1.65961
-2.1224
-1.55676
-1.84409
-1.66283
-2.24339
-0.809286
0.838859
1.66837
3.6174
2.71961
6.02792
4.98296
3.41955
1.44745
1.2131
0.229622
0.700406
-1.01443
-2.08222
-3.40309
-1.61329
-2.38083
-1.08383
-3.00906
-1.57875
-0.0969257
-0.202895
0.132872
1.69026
3.56609
4.82282
3.20462
-0.323327
2.11194
0.22123
0.704736
0.636978
-2.51452
0.0613756
-0.559591
-4.34946
-0.134188
-0.0609716
0.57358
-0.603595
2.98144
3.08976
1.1454
2.12807
4.71704
4.47764
2.46
0.823225
5.8764
0.0740156
1.13367
-1.9786
-3.14981
-0.187065
0.0545252
-0.0259788
-2.99026
-3.69325
0.957368
1.5444
-1.75041
3.18541
4.16856
4.05493
5.51002
)
;
    }
    coldSide
    {
        type            calculated;
        value           nonuniform List<scalar> 
400
(
0.0112069
-0.00859405
0.0047146
0.0184182
0.00864784
-0.00967463
-0.0169508
-0.00277535
-0.007231
-0.0150281
0.00938427
0.000763129
0.0161659
-0.00738583
0.00357499
0.000794016
0.00953819
-0.00294209
-0.00211551
0.000757361
0.01427
0.0339311
-0.00856528
0.00404683
0.0251282
0.0085608
-0.00726727
-0.00893867
-0.013306
0.00323481
0.00468004
-0.00123961
-0.020787
-0.0107571
0.00568125
-0.00272963
-0.00651511
-0.0125054
-0.00930809
0.0180178
0.00598827
0.0105902
-0.00504898
0.00801745
-0.00266122
0.00645742
0.00932157
0.0107489
-0.00830056
0.00472185
-0.00437314
0.00359633
-0.00303875
-0.0112415
-0.00303528
0.00225065
0.00443017
0.0188148
0.00547243
-0.012669
-0.00241395
0.000511129
-0.0179807
0.00367015
0.00162823
-0.000649171
0.00788521
0.00345319
0.000793783
-0.00604889
-0.0117747
0.0151612
0.00575524
0.00470023
0.00214379
0.0134994
0.0158348
0.0153182
-0.00571793
0.00351991
0.000125301
-0.0110328
-0.00454553
0.00148074
0.00296675
0.00838343
0.0154482
-0.0043668
0.00104086
-0.00089665
0.00402665
0.00711815
-0.0106061
0.00519048
0.0100984
0.00564203
-0.000441766
0.015404
0.00164343
0.00815805
0.0088441
0.00674747
0.00605695
-0.00222258
-0.00027557
-0.0108797
-0.00141179
-0.011246
-0.000687344
-0.0120057
-0.00947338
0.00785957
0.00404906
0.0008747
-0.0157797
0.0154007
0.0151646
-0.017979
-0.00917013
0.0137995
0.00622909
-0.00050228
0.00416321
0.00312437
0.00345554
-0.00493145
0.002112
-0.000204008
-0.00487711
-0.00737121
-0.0122126
0.00184951
0.010077
-0.0118428
-0.00744873
0.00528625
-0.00896307
0.0179738
0.0102882
0.00801843
-0.00167103
0.0202579
0.00902162
0.000891139
-0.00973814
0.0100242
0.0145498
-0.0100943
0.00481545
0.000648215
0.0132413
-0.00237267
-0.00699935
-0.00460108
0.0143156
-0.00112217
-0.00909664
0.0113634
-0.00630146
-0.00461768
-0.00460668
0.0107977
-0.002623
-0.0119985
-0.0262656
-0.00231293
0.00576652
-0.00362997
-0.00572242
-0.00616961
0.0144629
-0.0144338
-0.0185814
-0.015125
-0.000294372
-0.00331411
0.0114671
0.00794957
0.0231746
-0.0133633
0.011686
-0.00924075
-0.00708702
-0.000235405
-0.0146138
-0.00467502
-0.00569247
0.00744101
-0.0106871
-0.00675224
0.00175751
0.0208252
-0.00778935
-0.00809629
0.00373161
-0.0187826
-0.00665114
0.010923
-0.0125068
-0.00503954
0.0185161
0.00276543
0.00356192
0.0151431
0.0049896
0.0131886
0.0051644
-0.0132592
-0.00148464
0.00326747
0.00456784
0.0154746
0.0028331
-0.00689756
-0.00498013
-0.00273529
-0.0116733
-0.00168233
8.34395e-07
0.0177789
0.00468843
0.00970251
-0.00840675
0.0148381
0.00991181
-0.010898
0.00328296
0.018717
0.0143873
0.00448103
-0.00244856
-0.00684099
0.0034748
0.00919301
0.00760174
-0.00682513
-0.0127944
-0.00205572
0.00300316
-0.000360274
-0.0119887
0.00449156
0.0107554
-0.0162389
0.00232768
0.00870995
-0.00979942
0.0121607
0.00370644
-0.0135519
0.00439757
-0.0117744
-0.0147077
0.00403804
0.00288383
-0.0125478
-0.00705182
-0.00613491
-0.0163621
0.00456509
-0.00797988
-0.00744007
-0.0104995
0.0042629
-0.0114918
-0.00923509
-0.0138062
0.0193854
-0.00321159
-0.00324603
-0.00828698
-0.0104546
-0.00552855
-0.00388627
-0.00244901
0.00286256
-0.00821458
-0.00899557
-0.00855715
0.00508972
0.00891457
-0.000157623
0.0128367
-0.00572737
0.0117506
0.00012168
0.0173086
0.00501402
-0.0234835
-0.00687758
-0.00743635
-0.0120011
-0.00845928
-0.00364185
0.00176993
0.0158895
-0.00411469
0.0138052
0.00202191
0.00481911
-0.0137975
-0.0124181
-0.0170269
0.0129939
0.0144441
-0.00387812
-0.017314
0.00231836
0.0113836
0.0077617
-0.0033075
-0.00331204
-0.00339915
-0.01626
0.0149748
-0.0053624
-0.0239664
-0.00793248
0.0191128
0.0129801
0.0226607
0.0166726
-0.00784006
-0.00314388
0.00796043
-0.00845246
0.00218228
-0.00906635
0.00307563
-0.00911891
0.00313307
-0.00905242
-0.016223
-0.00025814
-0.00347439
0.0124919
0.00353577
-0.00819006
-0.0142397
-0.0127307
-0.00633011
-0.00164545
0.0107122
0.0162739
-0.00933394
-0.0108605
-0.0126956
0.00769903
0.00882358
-0.00105549
0.00052552
-0.00341632
-0.00202628
0.00428382
-0.0157167
-0.00529435
-0.00957969
-0.0115835
-0.00506204
0.0131715
0.0191241
0.00755157
-0.00400563
-0.00465317
0.00124737
-0.00528407
0.00569542
-0.0263013
-0.00516208
0.0180403
-0.00545978
-0.013095
-0.00948621
0.00124409
-0.015437
-0.0110489
0.00122707
0.000196034
0.0128393
0.0178737
-0.00253553
-0.00358231
0.00517219
0.00108204
-0.00672355
-0.0194688
0.0103498
0.00583031
0.000754377
-0.012743
-0.0102536
-0.0246863
0.00429747
-0.000225387
-0.0125294
-0.0152915
-0.00486311
0.00727155
0.000929267
0.00474711
)
;
    }
    adiabaticPlanes
    {
        type            calculated;
        value           nonuniform List<scalar> 
640
(
3.90237
3.417
3.7926
2.52588
2.51843
1.48785
0.134996
1.33273
2.05709
3.0212
3.40823
3.21587
2.66487
0.745752
-1.32408
-1.02193
3.10179
4.53819
3.17761
0.0502231
2.25663
0.51308
-0.326349
0.560691
3.93656
-0.464538
4.41345
1.3028
-0.600877
0.760422
-1.039
2.19027
1.78931
1.43609
2.26643
1.38151
1.36254
0.866704
1.07048
1.02842
0.0875132
1.78205
1.77778
1.14649
-1.08511
0.446299
0.277572
-1.15043
-0.243459
-0.659173
0.00568761
2.34818
1.87929
-0.0151693
-1.21526
-2.01569
-2.17236
1.62314
1.15039
-0.37772
-0.565716
0.204926
-0.654894
-0.329984
0.117174
0.301605
-0.206029
0.887553
-0.831525
1.02767
-0.456394
-0.859834
-1.60238
-0.50011
-1.48642
-1.49042
1.16992
1.18896
1.5609
-1.78703
0.49919
-0.769822
0.92979
0.252041
0.118302
3.16276
1.0009
1.116
0.947616
0.287405
-0.752004
0.391043
0.0189669
-0.651824
0.318316
0.0908069
-2.18126
1.16363
-0.812285
-0.0915822
0.720328
2.34514
-0.423349
1.92245
-1.22503
0.940514
1.70768
-0.746415
1.40172
0.0186263
0.78058
-0.878236
0.718449
0.445732
1.05217
1.99473
-1.63675
-0.567224
0.698081
0.425191
0.947948
2.69957
3.28259
1.49423
1.48829
0.194438
-1.17538
0.0944901
4.99718
2.10729
2.7605
2.44136
2.19252
-1.13282
-0.424679
1.13432
3.87941
4.13192
3.93281
1.0334
3.40655
0.910731
1.1524
-0.349789
3.20859
3.90086
2.32528
3.73722
2.07745
1.96772
2.94206
-0.251492
5.14469
4.57703
4.03573
3.05628
4.09512
1.08552
1.07893
0.0901417
5.14469
4.57703
4.03573
3.05628
4.09512
1.08552
1.07893
0.0901417
6.98978
5.37433
3.21055
2.17485
2.76607
2.10632
-0.284587
2.1427
5.54514
5.6289
1.81647
1.38179
3.29204
1.18758
0.574992
-1.50648
4.63464
4.58778
2.51649
2.8323
0.306648
0.84273
1.03235
0.418655
3.71497
3.66148
3.20147
0.777036
1.65644
1.0914
2.95742
0.970208
3.05128
1.17631
1.80668
1.79132
1.13473
1.60905
0.756655
1.64106
1.9277
2.7853
2.23586
2.18436
2.6859
0.0899493
0.140451
0.953605
3.26123
3.22938
0.3011
4.21182
0.383151
-1.13667
0.290292
-0.549039
1.97332
2.53081
1.25517
-1.98511
1.25644
0.357476
2.18635
-1.58903
3.15256
1.91103
1.57045
-0.638799
1.35144
0.406393
2.14342
-0.599205
3.57576
3.83238
1.48909
1.49269
0.95833
-0.465483
0.949343
2.11429
3.60618
1.9103
1.41108
0.575645
2.95906
1.5295
-0.259923
-0.0427629
2.96553
0.968716
0.579929
-1.14947
2.00379
0.656904
-0.348305
0.542945
3.76219
3.19166
1.8556
2.82385
-0.805533
3.52991
-0.0520331
0.605333
0.731555
3.55513
2.05935
1.82493
1.62569
-0.377338
2.1634
0.573152
3.6447
3.37757
1.97716
1.29424
0.873115
0.207094
1.15641
1.54363
3.3722
2.52429
0.577954
1.91029
-0.189995
2.05231
1.76036
-1.51381
4.21881
1.53436
2.98727
1.11036
1.32491
1.86706
-0.0401564
1.56639
5.3699
3.14365
2.9179
3.61412
2.75061
3.01208
0.330392
2.12556
6.16302
6.66214
3.61171
2.8441
2.88433
-0.543649
0.00115446
0.564589
3.90237
3.417
3.7926
2.52588
2.51843
1.48785
0.134996
1.33273
4.4553
3.24971
5.30956
4.69911
1.69141
3.41157
3.35403
1.69698
4.30697
3.52602
1.63538
3.58402
3.47545
2.49118
0.905306
0.712152
6.38675
2.6302
2.95414
-1.12528
1.03026
2.57733
-0.504243
-0.287011
4.73885
2.23951
1.83027
1.95221
4.26263
2.08408
0.266551
0.0149481
3.80301
3.43416
5.19358
3.81788
1.54354
1.16342
0.0341483
1.05176
5.72661
2.54748
2.53214
3.53153
1.79831
0.316873
1.11118
0.740791
3.60564
6.47197
5.2655
1.48377
2.85697
0.840539
1.24694
-0.198664
4.09676
3.33431
0.981921
1.60169
1.49052
1.46978
0.783684
-0.547762
4.69017
3.84216
2.88485
2.91637
1.04033
2.60518
1.81403
1.38971
2.65693
4.74824
4.89744
4.16597
2.41666
-0.684367
1.69612
2.20192
5.76067
3.05411
5.77391
2.32352
2.98956
2.24883
1.87226
0.557582
4.52363
5.96172
3.16018
3.33689
1.36357
1.71547
0.795683
-1.42561
5.43611
5.77116
3.72381
4.67233
3.77871
2.81827
1.42648
-0.948892
4.46476
4.56505
2.41529
2.76279
1.23774
1.1289
1.49842
1.06014
2.08852
5.14097
3.81178
5.66538
1.41401
1.94926
4.01722
-1.6407
2.61524
2.30184
3.67335
4.19349
4.33778
1.98323
2.72118
2.69478
6.36584
4.50846
3.21901
2.55719
3.11772
3.1571
1.75431
-0.752709
5.16119
3.71645
3.97727
3.48098
3.50388
2.47265
0.890928
2.27422
4.81643
2.49434
2.65597
4.55639
1.85503
3.3496
0.588932
-0.301471
4.81643
2.49434
2.65597
4.55639
1.85503
3.3496
0.588932
-0.301471
2.80046
3.64117
4.06945
3.24991
1.63227
1.67269
2.45187
-0.425951
1.167
1.7727
3.63638
2.39786
2.48246
5.59976
3.37568
0.615106
6.22515
2.50871
2.64668
0.190564
0.629776
0.291876
-0.291977
0.12872
0.42941
3.31668
2.36271
1.61109
2.29363
0.471659
-1.34474
-0.799495
1.49735
0.391431
1.93764
2.42813
0.956975
0.349342
-3.25873
-2.31511
-1.60496
1.16034
1.34407
-1.14981
0.329063
-0.419926
1.28239
1.23081
-2.76457
2.44936
1.41676
1.8418
0.927666
2.21258
-0.600253
0.693373
0.211429
0.632888
-1.6225
0.739807
-1.18371
0.403059
-1.98095
0.0897605
0.467924
-0.44333
-1.13207
-2.40621
1.60563
-0.693236
1.62372
-1.5153
0.403978
-1.42291
-0.154906
0.658916
1.12778
0.91906
0.289404
-1.21926
-2.5421
0.778177
-0.696633
-0.56257
2.09435
1.16909
0.684013
-2.93555
-3.22524
-0.357382
-0.581901
0.428164
-0.737176
0.536352
-1.72137
0.511102
1.44688
-1.98088
0.697476
-1.44187
-0.446564
-0.18856
1.05393
-0.0267393
2.05705
1.67735
-2.49405
-0.679692
0.3628
-0.362352
1.53305
-1.48989
-1.21298
3.27906
2.238
1.15059
1.10898
1.00203
-1.07127
-1.81835
3.74927
0.126081
2.99256
0.995623
0.332476
0.876441
2.37687
-0.578234
4.76049
3.65546
2.73477
1.61072
1.34088
-0.321774
0.141595
0.864782
4.67657
5.33169
4.87454
3.3244
2.53888
2.15023
-1.23299
0.110582
6.16302
6.66214
3.61171
2.8441
2.88433
-0.543649
0.00115446
0.564589
)
;
    }
}

