/*--------------------------------*- C++ -*----------------------------------*\
| =========                 |                                                 |
| \\      /  F ield         | OpenFOAM: The Open Source CFD Toolbox           |
|  \\    /   O peration     | Version:  2212                                  |
|   \\  /    A nd           | Website:  www.openfoam.com                      |
|    \\/     M anipulation  |                                                 |
\*---------------------------------------------------------------------------*/
FoamFile
{
    version     2.0;
    format      ascii;
    arch        "LSB;label=32;scalar=64";
    class       volScalarField;
    location    "0";
    object      relativeErrorField;
}
// * * * * * * * * * * * * * * * * * * * * * * * * * * * * * * * * * * * * * //

dimensions      [0 0 0 1 0 0 0];

internalField   nonuniform List<scalar> 
3200
(
0.000308537
0.00317556
0.00273882
0.0103249
0.0111178
0.00537235
0.0042909
0.0176687
0.00496509
0.00734299
0.0148194
6.92318e-05
0.0157895
0.00953673
0.00698224
0.00711047
0.00917964
0.0118275
0.00395315
0.000407492
0.00662833
0.0140411
0.00255902
0.00553048
0.0128407
0.00884618
0.000248557
0.017032
0.00713641
0.00629813
0.0135337
0.00127619
0.0143585
0.00643698
0.0101938
0.00477288
0.00460184
0.00462029
0.0146198
0.00912803
0.0114209
0.00425896
0.00210673
0.00855511
0.00602202
0.0065602
0.0121761
0.000343787
0.0172056
0.00358253
0.00744626
0.00899331
0.0229038
0.0156711
0.00206463
0.0137133
0.00502045
0.00191452
0.00484467
0.0118353
0.00126451
0.00328812
0.000798559
0.00076242
0.00187119
0.00625212
0.00549787
0.0101689
0.0057164
0.0020729
0.00808252
0.0141437
0.00168313
0.0092781
0.00156113
0.0102692
0.00801581
0.00412742
0.00633163
0.00565355
0.00447059
0.00122379
0.00729409
0.00345229
0.000414665
0.00273061
0.00519637
0.00192074
0.00502288
0.00486764
0.00692384
0.00819572
0.00358977
0.0100363
0.003477
0.00167424
0.00290086
0.00344114
0.0103054
0.00943518
0.00119278
0.00294633
0.00596533
0.00216836
0.00136302
0.00711201
0.00451162
0.0060929
0.00193749
0.00677047
0.00229142
0.00351907
0.0114386
0.0138654
0.00365403
0.00275075
0.014054
0.00805689
0.0162461
0.00716893
0.00658399
0.000223046
0.0148153
0.0108507
0.00304893
0.00790513
0.0150771
0.00402452
0.0105879
0.00111153
0.00574169
0.00617006
0.00703919
0.00941098
0.00920377
0.00296558
0.00197419
0.00361363
0.002233
0.00576215
0.000168217
0.000680063
0.00509698
0.00406068
0.0121462
0.0057946
0.00490708
0.000850398
0.00137593
0.00871736
0.00107063
0.00640029
0.0103485
0.000270722
8.49245e-05
0.00681507
0.0132389
0.00127901
0.00588354
0.000998977
0.00352593
0.00476205
0.00636199
0.0127506
0.00587848
0.000591129
0.0039329
0.00792107
0.00467893
0.020562
0.00827024
0.00485403
0.00413621
0.00751751
0.0084329
0.00655806
0.0104774
0.0107337
0.0102434
0.00725705
0.00515751
0.00142408
0.00241833
0.000238523
0.00376743
0.000270622
0.00413988
0.00130665
0.0152316
0.000178097
0.00261392
0.00238666
0.000544912
0.00292816
0.000167812
0.00626474
4.29724e-05
0.00908661
0.00608563
0.00237359
0.00194423
0.00195123
0.00986563
0.00773931
0.00755946
7.41289e-05
0.00451034
0.0109202
0.00455688
0.00453154
0.00364217
0.016605
0.00135198
0.00231484
0.00828457
0.00425566
0.00421264
0.00767189
0.00956153
0.0044256
0.00674113
0.00336503
0.00344263
0.00514063
0.00897866
0.00133257
0.00998592
0.00763972
0.00301211
0.00205874
0.00178309
0.00878508
0.00516084
0.00937977
0.0015833
0.0116481
0.00143052
0.0011242
0.00566814
0.00288854
0.00736564
0.00368371
0.00846796
0.00260837
0.0108655
0.000789467
0.00450973
0.0141519
0.00700887
0.000975471
0.0041769
0.00620237
0.00951637
0.00975327
0.00169088
0.00262139
0.000419255
0.0104746
0.00969932
0.00637435
0.00281726
0.00938087
0.000236787
0.00993605
0.00414281
0.00182818
0.00816908
3.72834e-05
0.00507486
0.00470432
0.00384389
0.00583072
0.0090928
0.000639212
0.00733576
0.00099243
0.00189967
0.00794882
0.000499644
0.000504322
0.000254849
0.0020813
0.00857583
0.00392461
0.00806213
0.00939451
0.0088337
0.00599291
0.00462293
0.000358711
0.00979428
0.0073092
0.00387364
0.0122876
0.00691247
0.0094543
0.00797389
0.000601329
0.00247957
0.00814526
0.00397141
0.00314167
0.00213452
0.0069113
0.0142073
0.00976539
0.00796522
0.00103335
0.00121249
0.00349895
0.0040828
0.007433
0.000198309
0.00451617
0.00318523
0.000408946
0.00148927
0.00668099
0.00427769
0.00732295
0.0099008
0.00201168
0.00108283
8.37634e-05
0.0085904
0.00737165
0.000483627
0.00174255
0.00065198
0.00157817
0.00254972
0.000204909
0.0041466
0.00419096
0.00108813
0.002033
0.00174172
0.00192224
0.0059198
0.00575838
0.00131391
0.00510983
0.00265517
0.00083746
0.00089348
0.00546447
0.00376002
0.00527123
0.00117531
0.0035333
0.00144451
0.00071011
0.00544061
0.00159466
0.0102587
0.00278498
0.00451375
0.00190002
0.00142402
0.00484853
0.00634711
0.00625246
0.00479791
0.0155912
0.00948617
0.00348882
0.00684559
0.01471
0.00703033
0.00214584
0.0011437
0.000211916
0.0106592
0.00413546
0.00172478
0.00298334
0.00140959
0.0037931
0.0106059
0.00261404
0.00158123
0.0056626
0.00402596
0.000653969
0.00763636
0.00349321
0.000763571
0.00145132
0.00323661
0.00287506
0.00468195
0.00179903
0.00762757
0.00279886
0.00193783
0.00516418
0.00131435
0.00305336
0.00194477
0.00779594
0.00624052
0.0134129
0.000737263
0.00548765
0.0042198
0.0109652
0.00961892
0.00101382
0.000134527
0.00635203
0.000823108
0.0031701
0.00903397
0.00668783
0.0091156
0.00501558
0.00141633
0.00222535
0.0089786
0.000460196
0.0115096
0.00549761
0.00170831
0.00559319
0.011218
0.00198524
0.00219938
0.00815503
0.00933891
0.00571665
0.00718865
0.005441
0.000588516
0.012213
0.0069463
0.000606291
0.00329754
0.00202577
0.00713861
0.0025643
0.0130997
0.00517863
0.00228067
0.00299216
0.00312551
0.0011098
0.00736541
0.00688787
0.00412599
0.00519749
0.0130692
0.00488429
0.00853124
0.0153829
0.00674854
0.00612683
0.00170967
0.00168544
0.00379899
0.00288038
0.0117499
0.00677307
0.0143637
0.0009369
0.00410848
0.00707429
0.00916224
0.000466696
0.00122089
0.002669
0.000727096
0.000997044
0.00761944
0.0134624
0.00260344
0.00588016
0.000774982
0.000738369
0.00957483
0.00767872
0.0131586
0.00564104
0.00240822
0.0139935
0.00876078
0.00533209
0.0118381
0.0033611
0.00192235
0.000498089
0.000361902
0.000869978
0.00885543
0.00520042
0.00480381
0.00402474
0.000219011
0.0133601
0.0029372
0.00827018
0.00663254
0.00449382
0.00467021
0.0061299
0.00181998
0.00259502
0.00530099
0.000342978
0.00260091
0.000708524
5.35758e-05
0.004819
0.00116472
0.00515148
0.00180769
0.00569873
0.000178273
0.0104765
0.00065722
0.000480489
0.0153308
0.00389264
0.00420804
0.00469166
0.00135812
0.00620984
0.00745679
0.00605501
0.00779597
0.000861533
0.00377592
0.00413275
0.00409709
0.00514434
0.00407518
0.00233309
0.00621192
0.00155433
0.0160745
0.00523624
0.000911588
1.91316e-05
0.00362827
0.00855917
0.00891086
0.00711663
0.00526049
0.00405306
0.00546332
0.00792665
0.0078548
0.00406523
0.00290855
0.00272986
0.0094647
0.00892284
0.000783943
0.00565643
0.0067815
0.00231215
0.00538139
0.00374314
0.00441393
0.0093389
0.00466812
0.00529984
0.00500863
0.00335423
0.00426371
0.0150634
0.00777978
0.00725756
0.000635358
0.00499064
0.00486129
0.0137115
0.0117191
0.00286372
0.000500779
0.00545693
0.000651161
0.00441346
0.000876303
0.00667115
0.000546276
0.0118949
0.000740381
0.00472931
0.0151271
0.0040917
0.00302774
0.00112917
0.00661744
0.0108966
0.00305152
0.000664838
0.0103764
0.00107124
0.000202809
0.00164884
0.0103999
0.0079524
0.00403445
0.00877706
0.000216978
0.00726169
0.000892632
0.00924857
0.00617212
0.00502147
0.007039
0.00860033
0.000317434
0.00835769
0.000837765
0.00845364
0.000307771
0.0125285
0.0120751
0.00340502
0.00951148
0.00556805
0.00654594
0.00794638
0.00429527
0.00199287
0.00082129
0.00376467
0.00457942
0.0118481
0.00727761
0.00361044
0.00545381
0.00708621
0.00209488
0.00333011
0.0198016
0.00653146
0.0121594
0.000189229
0.0021597
0.00263749
0.000228036
0.0110254
0.0084433
0.0067953
0.0124681
0.0188978
0.000275503
0.00388158
0.00117039
0.00698889
0.00530304
0.000479517
0.00967211
0.000117471
0.00273774
0.00767834
0.00268532
0.00788786
0.0156975
0.00109046
0.00395426
0.0087784
0.00783067
0.00702161
0.0146186
0.000792519
0.00970696
0.00231954
0.00135138
0.00649893
0.0116266
0.000408486
0.00743892
0.00580812
0.00437883
0.00454328
0.00620474
0.00577077
0.0107018
0.00247302
0.016667
0.00196513
0.00391411
0.011941
0.00476638
0.00401303
0.0126748
0.00921862
0.00142164
0.00428272
0.00818924
0.0127206
0.0080541
0.00150827
0.00882438
0.0120223
0.00739289
0.00151813
0.00110895
0.00100285
0.0101037
0.000129927
0.00365786
0.00810593
0.000667494
0.000912534
0.000757794
0.00894941
0.00414905
0.00620636
0.00215241
0.000804839
0.00619895
0.0131827
0.00895101
0.000355593
0.00505203
0.000583955
0.0128566
0.00826478
0.00740842
4.03141e-05
0.00312186
0.0149011
0.000809904
0.00399272
0.0067996
0.000744316
0.00302708
0.0035517
0.00288065
0.00199456
0.00172559
0.00556577
0.0120632
0.00924322
0.00640644
0.0082997
0.00244061
0.00160493
0.000389125
0.00257859
0.00712258
0.003509
0.00151613
0.00672824
0.00837512
0.00350726
0.00286881
0.001226
0.00795067
0.00779591
0.00161263
0.00342364
0.00677644
0.00640075
0.00572645
0.00114772
0.000982181
0.00605101
0.0180398
0.00433295
0.00970345
0.00109168
0.0133537
0.00538865
0.0101345
0.00721994
0.000607809
0.00565565
0.0044796
0.00295051
0.00687021
0.00504075
0.00527527
0.00789085
0.00131899
0.00159466
0.00330849
0.00535849
0.00326661
0.00345838
0.00745102
0.00763258
0.00299645
0.0011589
0.0142809
0.00295671
0.00430557
0.00379334
0.00463338
0.000119775
0.000922998
0.00296862
0.00296651
0.001906
0.00454004
0.0117899
0.0114017
0.00340492
0.00637667
0.00257793
0.0152862
0.00616846
0.0101615
0.0181562
0.00347844
0.00786623
0.00127291
0.00875797
0.0048019
0.0171473
0.0132434
0.00229316
0.00616826
0.00136859
0.00395639
0.00416118
0.015237
0.00655935
0.0161429
0.00127441
0.000223755
0.000558698
0.00479805
0.00207567
0.00715828
0.000515877
0.000158285
0.0171423
0.000449596
0.0151134
0.00138405
0.00370335
0.00227222
0.00724523
0.00156852
0.010947
0.00649841
0.0137202
0.00789649
0.00737427
0.00777474
0.00186263
0.0105004
0.00106983
0.0117318
0.00514222
0.0117827
0.00225463
0.00782078
0.00306707
0.000261597
0.000931058
0.0101419
0.00325854
0.00343561
0.00801122
0.000112847
0.00684282
0.00118528
0.00525622
0.00704908
0.00902255
0.00605085
0.00170591
0.0118945
0.00334217
0.0086305
0.00919848
0.00421673
0.00484687
0.0117102
0.0135635
0.00426902
0.00367645
0.00549191
0.0087711
0.0115118
0.00929111
0.0156975
0.0066855
0.00867593
0.00332961
0.00692554
0.000963569
0.00456108
0.000796636
0.00931517
0.00473515
0.0147966
0.00460114
0.00693598
0.0115905
0.00972062
0.0100319
0.00854647
0.0015567
0.0112773
0.00615272
0.0108607
0.01178
0.000624495
0.00434943
0.00816645
0.000370759
0.00270787
0.00799078
0.00628757
0.0168545
0.00169273
0.00592624
0.00105563
0.00421292
0.00333572
0.00520194
0.00281229
0.0093264
0.00445248
0.00516296
0.00203334
0.00410058
0.00405886
0.00681036
0.00202182
0.0107741
0.0101656
0.00646876
0.00373482
0.00598178
0.00257897
0.00941279
0.00426976
0.0119017
0.00696038
0.00520936
0.00394326
0.00309297
0.00172521
0.00493624
7.80429e-05
0.000745871
0.00326742
0.00871403
0.00463481
0.00445059
0.00356823
0.00204237
0.000807385
0.0097818
0.0110582
0.000341683
0.00524323
0.0103094
0.00978103
0.00378341
0.00148161
0.00122008
0.0151774
0.0177008
0.00786454
0.0249573
0.000102169
0.018666
0.00470096
0.00675052
0.00710823
0.0132923
0.015955
0.00515806
0.00852786
0.00959075
0.00518627
0.000536284
0.0122923
0.0117279
0.0201768
0.000533454
0.006581
0.0048087
0.0187484
0.021553
0.0166679
0.00761183
0.0116211
0.00289268
0.00416737
0.00841921
0.0105236
0.0110094
0.00755998
0.00947207
0.00175334
0.0172874
0.00146147
0.00618361
0.00971022
0.0124756
0.00704867
0.0133695
0.00222632
0.00625027
0.00609241
0.00178251
0.0146472
0.0149075
0.00494784
0.000847476
0.0101935
0.00261349
0.00347745
0.0080389
0.00428905
0.0145352
0.00395497
0.00740294
0.0034949
0.00761821
0.000701692
0.00656006
0.00609427
0.00689229
0.00293364
0.00568185
0.000770322
0.0121001
0.010435
0.00850054
0.0108866
0.00268836
0.0125417
0.0106328
0.00230039
0.00282374
0.00532918
0.0125109
0.00206099
0.0184055
0.0111598
0.0032579
0.0022681
0.0274459
0.0164607
0.00216325
0.00755804
0.000900679
0.00278292
0.000676789
0.00170529
0.00357201
0.00956808
0.0031188
0.00259584
0.0158588
0.00461254
0.00997333
0.00918659
0.00799702
0.0016317
0.00400861
0.00592218
0.000361609
0.00129845
0.00320299
0.00276617
0.00274889
0.00840892
0.00893203
0.000477294
0.0039881
0.00319179
0.00853416
0.00721457
0.0036233
0.0161367
0.00387367
0.000747571
0.0146869
0.0135091
0.00489121
0.00064023
0.00776773
0.0112644
0.000791984
0.00350125
0.00980973
0.0127665
0.00220651
0.00194557
0.00527073
0.00185548
0.00797684
0.00322526
0.00952465
0.000503709
0.00434906
0.00792118
0.00505289
0.00524717
0.00276516
0.000396754
0.00172135
0.00567356
0.00537805
0.00173323
0.0074366
0.00698101
0.00301163
0.00241866
0.00440136
0.000812703
0.0133271
0.00490803
0.000152046
0.00538225
0.00139209
0.000102215
0.01188
0.00517089
0.0159146
0.00438239
0.00608064
0.00966368
0.0137191
0.0127923
0.00776405
0.0222829
0.0172287
0.0116313
0.0146266
0.00289617
0.0116401
0.0126361
0.000791431
0.00848327
0.0151918
0.00559287
0.00782627
0.0157269
0.00572986
0.00920877
0.000455642
0.0205042
0.00239001
0.0146737
0.00190837
0.0070677
0.000820556
0.000104664
0.00714339
0.00118135
0.00565531
0.00018106
0.00152623
0.00155935
0.00922411
0.000152036
0.00187477
0.0001112
0.015226
0.00203099
0.00922325
0.00916683
0.00709255
0.0103646
0.0171441
0.00994524
0.0130054
0.000503722
0.000519531
0.019557
0.00321061
0.00117157
0.0163774
0.00722644
0.00373639
0.00604031
0.00296112
0.0144138
0.0148764
0.00529868
0.00716943
0.00782319
0.00761549
0.00703054
0.0128221
0.000695178
0.00565042
0.00830089
0.00756
0.0158487
0.0110489
0.00407927
0.0132651
0.00125783
0.0122222
0.0122612
0.00611027
0.00560161
0.00460351
0.00924234
0.00423048
0.0118097
0.00316066
0.00968276
0.0092212
0.00469455
0.00236569
0.00748531
0.00268546
0.0131347
0.013628
0.0026129
0.00326508
0.0114737
0.00228677
0.0161745
0.00833829
0.0070326
0.00740818
0.00787644
0.00339663
0.00141345
0.0115726
0.011103
0.00257502
0.00749502
0.001076
0.00181645
0.00880411
0.0152437
0.00521442
0.00499551
0.00754006
0.00196032
0.00305894
0.00260466
0.0108559
0.00559584
0.00286632
0.010909
0.00784147
0.0109065
0.00672145
0.00414348
0.00366889
0.00455708
0.00243441
0.00331881
0.00390919
0.00971619
4.16808e-05
0.00986444
0.0142657
0.00154607
0.00278022
0.00743244
0.000997343
0.0112448
0.0105022
0.010682
0.00236568
0.00204321
0.00223783
0.00579894
0.00440751
0.00876504
0.000543213
0.0015711
0.00616374
0.0030477
0.00360905
0.00654327
0.00230543
0.00908405
0.00714264
7.46443e-05
0.00540383
0.00214903
0.00387793
0.0104905
0.0199072
0.0161226
0.0134849
0.0155415
0.0146178
0.0138392
0.016387
0.0018045
0.0254223
0.0109429
0.0166512
0.0096575
0.00401901
0.0136894
0.00810619
0.0159127
0.0032415
7.03318e-05
0.0082325
0.0022076
0.0164549
0.00925262
0.00479644
0.000851523
0.00757844
0.00304786
0.00885873
0.00908402
0.0113113
0.00604241
0.00799078
0.00889109
0.00077496
0.015661
0.0129721
0.00368642
0.00488151
0.00535534
0.0106125
0.0124156
0.00627783
0.00892757
0.0100407
0.0047305
0.0123107
0.00361583
0.012156
0.000390316
0.0116688
0.00453036
0.015058
0.00874225
0.0079791
0.00529918
0.00836528
0.000907245
0.00334882
0.0041505
0.00512495
0.0121031
0.00926273
0.0109307
0.00750825
0.010119
0.00114574
0.005587
0.00960088
0.00102422
0.00408528
0.0120634
0.017369
0.00646669
0.0119575
0.01208
0.00766975
0.00463084
0.0045307
0.000324755
0.000712955
0.00180557
0.0042228
0.00124593
0.00875451
0.000825594
0.0120535
0.0144898
0.00785337
0.00870981
0.00949652
0.000338486
0.00943147
0.00817561
0.000753219
0.00308782
0.000502434
0.00337298
0.00149349
0.00323597
0.00328987
0.00225354
0.00479185
0.00783064
0.00157019
0.0103729
0.00294378
0.00594334
0.0036676
0.0107405
0.00777328
0.00375008
0.00018705
0.000379868
0.00906149
0.0065251
0.00343252
0.00275129
0.00169185
0.000134119
0.00494372
0.00221886
0.00162585
0.00802569
0.00759886
0.00606308
0.010671
0.00930379
0.0110511
0.000615732
0.000679736
4.28216e-05
0.00384327
8.06884e-05
0.0105075
0.00635101
0.0118099
0.00361342
0.0065329
0.00369106
0.00306154
0.00658056
0.000327438
0.0043145
0.00300411
0.000416621
0.00194661
0.00279668
0.00158746
0.00320175
0.00762783
0.0050991
0.0018887
0.0040675
0.00675282
0.000881983
0.00932806
0.00207633
0.00535447
0.0114761
0.00891653
0.00872022
0.0109482
0.0205564
0.0116634
0.00906972
0.012975
0.00903081
0.0128361
0.0152438
0.0147659
0.00965999
0.0160961
0.00886292
0.0200979
0.0113364
0.0125062
0.00474309
0.00377548
0.0091771
0.00119817
0.0115769
0.000537861
0.0154383
3.14053e-05
0.0216865
0.00200852
0.00462181
0.000927505
0.000395177
0.00313361
0.000357566
0.00461701
0.00108422
0.00519289
0.000218651
0.00167715
1.21268e-05
0.00410122
0.000667936
0.00579629
0.000218507
0.0106064
0.0190179
0.00977718
0.0018922
0.00413488
0.0090088
0.00869758
0.00520773
0.0153178
0.0109122
0.00736835
0.0102476
0.00869284
0.0166196
0.00749014
0.000882596
0.00115832
0.00311297
0.0110811
0.00399878
0.0196398
0.00358086
0.0036584
0.011902
0.00254677
0.015924
0.00286151
0.000457678
0.00748248
0.00152102
0.0118298
0.0038971
0.0079298
0.0159264
0.00990991
0.00644692
0.00179473
0.00142937
0.00300357
0.0121203
0.00257892
0.00588332
0.0029453
0.00505263
0.00313393
0.000493238
0.0077753
0.00319821
0.0149119
0.00761991
0.00266225
0.00331631
0.00189365
0.00542922
0.0124639
0.0049733
0.00308294
0.000175914
0.0043856
0.0113308
0.00136438
0.00171081
0.0122227
0.00492914
0.0120706
0.00600872
0.00243236
0.0108237
0.00250376
0.00148889
0.000110782
0.00673379
0.00677392
0.00287148
0.00294613
0.00309797
0.000671487
0.00459234
7.72719e-05
0.011864
0.00120975
0.00690614
0.0049516
0.0015542
0.00720314
0.00164791
0.00735124
0.00609531
0.00914913
0.00188282
0.00386095
0.00569216
0.00104148
0.00940593
0.002656
0.00174423
0.00857755
0.00447564
0.00437586
0.0119755
0.0142288
0.00056553
0.011031
0.00280622
1.88766e-05
0.00911755
0.00744773
0.01456
0.00190754
0.002412
0.00631034
0.00631045
0.00721086
0.000293959
0.000833723
0.0161424
0.00538468
0.00154094
0.00632671
0.0107976
0.0064954
0.0126837
0.00308029
0.0143584
0.0180091
0.0109776
0.00737405
0.00398088
0.00570524
0.00947895
0.0106687
0.00400582
0.00331081
0.0154334
0.0251878
0.00811675
0.00321199
0.00556425
0.00137715
0.0155494
0.00371353
0.00122065
0.00115892
0.00795333
0.00317595
0.00341719
0.00184184
0.000184467
0.00996764
0.000867755
0.00696507
0.00022329
0.00555555
0.0013351
0.00309246
0.00113763
0.0146026
0.00938789
0.00274303
0.0121676
0.0137161
0.00774262
0.0140744
0.0101409
0.0102471
0.0147618
0.0085892
0.00543975
0.00815504
0.0177514
0.00888584
0.00130369
0.00790628
0.00673467
0.00077649
0.00827934
0.00046953
0.00705496
0.00366986
0.00541989
0.0128719
0.00662975
0.0117351
0.00320709
0.00198703
0.0067773
0.00509514
0.000206288
0.0114817
0.00777923
0.00823236
0.00109321
0.00100234
0.00451554
0.00398603
0.0162221
0.00490521
0.00313683
0.00747169
0.00485828
0.00370311
0.00508149
0.00422563
0.00464915
0.00968541
0.00105052
0.00213612
0.00181818
0.00216907
0.0140798
0.00796258
0.000285049
0.00488339
0.0109583
0.0105361
0.00642988
0.00159701
0.000584498
0.0119992
0.00615836
0.0180177
0.0127154
0.00546419
0.00523227
0.00402917
0.00495259
0.000967842
0.00540156
0.00682987
4.59951e-05
0.00225713
0.00155373
0.010826
0.0113726
0.00650651
0.00721553
0.00574846
0.0050315
0.00495162
0.00829464
0.00210388
0.00240746
0.00684463
0.0123569
0.00959135
0.00691624
0.00461925
0.00344171
0.00287242
0.00847505
0.00582964
0.00730675
0.00101221
0.00609036
0.000921673
0.00807129
0.00312537
0.00235001
0.00712078
0.00271195
0.00412036
0.00680954
0.000995966
0.00119624
0.00275971
0.00583851
0.0038788
0.00164277
0.00654434
0.00322441
0.00172987
0.00921025
0.00199054
0.00753296
0.0092906
0.010724
0.00888557
0.00171589
0.00516647
0.00653997
0.0053134
0.00106776
0.0138912
0.0181746
0.0179504
0.0128751
0.00539621
0.0143989
0.0044832
0.00766445
0.00456782
0.0105474
0.00744029
0.0188766
0.000498729
0.00677776
0.0119904
0.00354468
0.00513488
0.0009388
0.00488482
0.00668658
0.00423267
0.000382641
0.00317406
0.0093856
0.00481122
0.0145516
0.00944116
0.00926124
0.00307719
0.00901102
0.0138212
0.000145136
0.00517034
0.000985554
0.00635892
0.0066993
0.0113964
0.00276285
0.00360324
0.00521794
0.0131567
0.00571103
0.0125016
0.000696668
0.00301993
0.004527
0.0207833
0.00919329
0.0124028
0.00853079
0.003328
0.00127905
0.000217797
0.0110502
0.0101563
0.00915812
0.00447119
0.00300262
0.00399391
0.0115895
0.0025427
0.0063164
0.00375388
0.00124927
0.0109616
0.00462948
0.0064049
0.0101173
0.00873417
0.000327276
0.0135172
0.00123181
0.00798979
8.5288e-05
0.00703827
4.02852e-05
0.00157837
0.00843391
0.000498341
0.000449272
0.00349688
0.00739467
0.00359686
0.00143357
0.00613672
0.0055051
0.0178212
0.00559371
0.0100404
0.00364498
0.00230716
0.000716001
0.0135634
0.00425555
0.00449232
0.00820517
0.00329517
0.00159035
0.00858469
0.00114842
0.000800119
0.00513012
0.0104545
0.00325101
0.00585313
0.00500703
0.0110625
0.00138396
0.000253627
0.00309648
0.00829074
0.00146784
0.00271736
0.0023843
0.00188142
0.000256388
0.00151967
0.0014183
0.0125453
0.00177135
0.00118869
0.00229156
0.00226934
0.0113909
0.00246243
0.00618697
0.00391853
0.00792427
0.0173907
0.00371242
0.00518168
0.00589822
0.00679872
0.00565486
0.00220516
0.00334046
0.00753768
0.00268902
0.00234383
0.00122355
0.007537
0.0144906
0.00999066
0.00352927
0.00206911
0.00233932
0.00398275
0.0110633
0.00650349
0.00192986
0.000752087
0.00100307
0.00313261
0.00405912
0.0132755
0.0010374
0.00119523
0.00195062
0.0104516
0.000359891
0.0019558
0.00956719
0.00581405
0.00937022
0.00480287
0.00499909
0.00404468
0.0101718
0.00796996
0.00748797
0.00446974
0.00708835
0.00256336
0.00285339
0.00722456
0.00703076
0.00173309
0.00982758
0.00310505
0.0141256
4.27725e-05
0.004255
0.000701344
0.0160616
0.00165617
0.00148136
0.00756105
0.000584613
0.00828838
0.00197176
0.00933889
0.00139892
0.00229097
0.00318277
0.00735018
0.00547143
0.00394555
0.00781082
0.0021563
0.0056744
0.00821424
0.00373248
0.000914856
0.00610468
0.00783609
0.00565322
0.00479371
0.00399952
0.00984517
0.0162146
0.00333343
0.00602769
0.00139885
0.00635283
0.00877517
0.00194443
0.00169312
0.00276838
0.00854236
0.00752529
0.00244018
0.00803293
0.00363709
0.0102324
0.00146665
0.00801129
0.00744572
0.00216946
0.00201102
0.0174248
0.00374828
0.00444227
0.00748559
0.00375122
0.00429854
0.00241973
0.00365849
0.00321494
0.00213544
0.0014212
0.00648335
0.00140486
0.0053711
0.00149067
0.0156553
0.0105143
0.00316122
0.00355044
0.000478411
0.00633138
0.00703485
0.003103
0.0105868
0.00144712
0.00687768
0.0026118
0.0115318
0.00411605
0.0129308
0.00274262
0.00264376
0.00308589
0.00307128
0.00156899
0.00112193
9.68015e-05
0.00710629
0.00532647
0.00025423
0.00193625
0.00680949
0.00148814
0.00145021
0.00538957
0.00397617
0.00466421
0.000626833
0.00169746
0.00904706
0.00575574
0.00243838
0.00879415
0.00935385
0.0109228
0.00625525
0.00363203
0.00951078
0.0181457
0.00847584
0.000332256
0.000916872
0.00407011
0.00812846
0.00611883
0.00679357
0.0126807
0.0147342
0.00297691
0.000658214
0.00445114
0.00291863
0.000203873
0.00353995
0.000231011
3.80033e-05
0.00199136
2.99186e-05
0.00965809
0.00184858
0.0131179
0.00295782
0.0117768
0.00875929
0.00678513
0.00738934
0.00211755
0.000403133
0.00733309
0.00122006
0.00309974
0.0100088
0.00911718
0.00952962
0.016674
0.00280287
0.000984066
0.00616452
0.00355408
0.0118641
0.000308698
0.00213
0.000915901
0.0029137
0.0074517
0.0131525
0.00494108
0.00203783
0.00426978
0.00100922
0.00113447
0.00119431
0.00023241
0.00659045
0.00687472
0.00271773
0.00255131
0.00349748
0.00135124
0.00616659
0.00264394
0.00274253
0.00232623
0.00102488
0.00313935
0.000701397
0.00243059
0.00448694
0.00181779
0.000830851
0.0160327
0.00105858
0.011163
0.00819211
0.00122961
0.00356823
0.00298499
0.0101245
4.52061e-06
0.00327994
0.00746562
0.0086667
0.00795568
0.00462435
0.000618382
0.00714736
0.00293609
0.00584753
0.0128336
0.00364661
0.00115116
0.00856355
0.0116788
0.00531056
0.00672119
0.000790506
0.0124431
0.00358101
0.005256
7.09809e-05
0.00341011
0.0123906
0.00374858
0.00665617
0.00276555
0.0129113
0.00679035
0.00535713
0.00183751
0.00071421
0.00547395
0.000799198
0.0086685
0.00778269
0.0101123
0.00115182
0.00500166
0.00965455
0.00503587
0.00512987
0.00438419
0.000760205
0.00332588
0.00327227
0.00742884
0.00284961
0.00312592
0.00450842
0.00630487
0.00948001
0.00233168
0.000228812
0.00229327
0.0056298
0.00121337
0.00312273
0.00934147
0.00142384
0.00308129
0.00039119
0.00114283
0.0120443
0.00226661
0.00466566
0.0161262
0.00182158
0.00282275
0.000375375
0.00568298
0.000603436
0.000847201
0.00516093
0.000634694
0.0014175
0.00480945
0.00383418
0.00958402
0.0018619
0.00622569
0.00897715
0.00730471
0.00490634
0.0089006
0.0125179
0.00191169
0.00948527
0.00350634
0.00572499
0.00493128
0.00562923
0.003585
0.0108394
0.00537706
0.00928426
0.00996354
0.00242284
0.0135584
0.00449915
0.0133638
0.00571929
0.00639949
0.00646387
0.00976607
1.73805e-05
0.0025267
0.0135812
0.00564168
0.00612798
0.00141602
0.0059238
0.0028087
0.00298151
0.00393617
0.00916583
0.00313954
0.00252606
0.000251673
0.00680033
0.00548628
0.0080497
0.00187584
0.00656806
0.00106631
0.0108137
0.00686091
0.0153006
0.0166801
0.00164961
0.000395164
0.00503405
0.00157442
0.000909687
0.00267465
0.000676604
0.000623369
1.12026e-05
0.00232047
0.0106102
0.000848842
0.00821367
0.00313964
0.00278137
1.60727e-05
0.0142443
0.00162777
0.0113568
0.0112834
0.00521057
0.0186156
0.00238644
0.00262732
0.0103875
0.00553689
0.0080239
0.0010018
0.00766828
0.000361152
0.00524768
0.0079986
0.0040957
0.00551571
0.00592827
0.0120345
0.0052785
0.00430019
0.0155448
0.0150683
0.00519027
0.00307732
0.00162915
0.000154253
0.0126652
0.00601377
0.0134312
0.00381871
0.0141878
0.00704466
0.00220904
0.00218667
0.00791922
0.00669667
9.12725e-05
0.0045036
0.012796
0.0100665
0.00236951
0.00315765
0.00260552
0.00682806
0.00141192
0.00740303
0.00893409
0.000315721
0.00532967
0.00141183
0.00838826
0.00498949
0.000967217
0.00237059
0.00155827
0.000123615
0.000228294
0.00634997
0.00667138
0.00217299
0.00361016
0.0104611
0.0123553
0.00700324
0.00339127
0.00569725
0.00871405
0.00482051
0.000223259
0.00674253
0.000258654
0.000844804
0.0045634
0.00362192
0.0169787
0.00533238
0.00624936
0.00481315
0.0117829
0.0045552
0.00389575
0.00798244
0.00282775
0.00324783
0.00325267
0.00841523
0.00676278
0.0102837
0.000885368
0.00614119
0.000993895
0.00354167
0.00233626
0.00884313
0.0150456
0.00294984
0.00561948
0.00494492
0.00902985
0.017205
0.00371806
0.017636
0.00187929
8.17225e-05
0.00218922
0.0103742
0.00419351
0.01142
0.00209733
0.014965
0.00888539
0.00357906
0.00335598
0.000370829
2.80576e-05
0.00282526
0.0103209
0.00607614
0.0121116
0.00454343
0.00472532
0.0216645
0.0135835
0.0141145
0.0057441
0.00345722
0.0149241
0.00541024
0.00752767
0.00520728
0.00455027
0.00855824
0.00530489
0.000862327
0.0116475
0.00317437
0.00693859
0.0191369
0.0120567
0.0110775
0.0254926
0.0237228
0.00933483
0.0123573
0.016987
0.000194114
0.00737532
0.00651324
0.00677147
0.00465178
0.00521446
0.00261534
0.00933827
0.00630006
0.000422653
0.0094499
0.00502239
0.0139008
0.0182836
0.012337
0.0254
0.00886035
0.0151913
0.0162975
0.00523101
0.00185846
0.000168348
0.000659457
0.0155287
0.00976952
0.00749935
0.000870451
0.000439445
0.00378885
0.00446582
0.0111844
0.00646444
0.0107347
0.0107075
0.0177097
0.0249877
0.00561654
0.00981995
0.0146194
0.0101177
0.00405637
0.00610904
0.00694234
0.00924058
0.00238435
0.00818615
0.00238528
0.00328757
0.00709012
0.00532093
0.0141778
0.00314324
0.0116918
0.0108477
0.0132104
0.0178054
0.0165149
0.00197224
0.0133324
0.0051429
0.00135255
0.00772035
0.000804283
0.00633576
0.00967069
0.00299577
0.00936797
0.00260805
0.00715507
0.00401656
0.00112703
0.00640181
0.000718966
0.00981609
0.0149479
0.0156876
0.00458563
0.00801615
0.00752183
0.00889336
0.00319888
0.00407825
0.00377613
0.0015887
0.00965574
0.00413297
0.00896363
0.00460122
0.00285995
0.00618407
0.00725448
0.000422348
0.0207113
0.00535516
0.00994906
0.00371397
0.0065711
0.01172
0.00112976
0.0171458
0.00934618
0.0045735
0.00184367
0.00245882
0.00405344
0.00595186
0.000351633
0.0129608
0.0012585
0.0064743
0.00194468
0.00366546
0.00731766
0.000413428
0.0102114
0.0176823
0.00663548
0.00890579
0.00681099
0.00377475
0.00700475
0.0095323
0.00331859
0.00855644
0.0147178
0.00805743
0.00928411
0.00649763
0.00369723
0.00185143
0.012999
0.0083961
0.00751351
0.00441239
0.00113363
0.0168126
0.00979373
0.0294034
0.0125942
0.0235281
0.0038078
0.00245622
0.000976412
0.0077492
0.010404
0.00980155
0.00533942
0.0136177
0.00837518
0.00504905
0.0125791
0.0138443
0.0130449
0.0160516
0.0262238
0.0267727
0.0205936
0.00327888
0.00848102
0.000191709
0.0104771
0.00176789
0.0088981
0.00122331
0.00134752
0.00310953
0.000223502
0.00632175
0.0025534
0.0164209
0.00358662
0.0165857
0.00248405
0.00519393
2.77433e-05
0.022453
0.025356
0.0107082
0.0129873
0.00583767
0.0002899
0.00336134
0.0112542
0.00180302
0.0132958
0.00489051
0.00739834
0.00920994
0.00276865
0.00873376
0.014498
0.0205624
0.0246101
0.0167803
0.0220255
0.0201542
0.00832171
0.0095034
0.013685
0.00423499
0.012781
0.00411422
0.0128441
0.0117576
0.0125505
0.00710467
0.00850536
0.00215506
0.00429761
0.000184427
0.00154257
0.0106082
0.00894057
0.0105324
0.016092
0.0110898
0.0148945
0.000928993
0.00720007
0.00721191
0.0110978
0.000709181
0.000364642
0.0176751
0.00492506
0.0126392
0.00627723
0.0028879
0.00272651
0.00795666
0.00557411
0.00478123
0.0109318
0.00694963
0.014805
0.0021557
0.0103904
0.00300047
0.00694698
0.000706318
0.00776404
0.00229277
0.000598039
0.00371344
0.0041358
0.00227685
0.00927449
0.00146831
0.00213716
0.00606297
0.0123375
0.00715659
0.00839667
0.00337117
0.0157835
0.00899753
0.0043107
0.0118295
0.0165203
0.000113184
0.0021562
0.00699261
0.00755096
0.0075122
0.00406768
0.00840147
0.00194851
0.00414819
0.00478643
0.00697862
0.00248757
0.00181222
0.00961319
0.0101126
0.0106399
0.00789091
0.00365662
0.000619557
0.00158117
0.00653163
0.00334639
0.0046681
0.00324472
0.00209302
0.00147158
0.000981847
0.00271113
0.00361683
0.0107152
0.0049849
0.00401744
0.00287939
0.00227397
0.000175826
0.00263964
0.00518455
0.0159566
0.0283244
0.0188113
0.0211115
0.0209848
0.0299336
0.0155196
0.0156954
0.0130381
0.020312
0.0189323
0.0158586
0.0195048
0.0278594
0.0124291
0.0250541
0.0254312
0.0336498
0.0264854
0.0132237
0.0280672
0.0238558
0.0283668
0.0158117
0.0231716
0.0182376
0.0139328
0.0206804
0.00765375
0.00921081
0.00607798
0.0113224
0.011409
0.000689527
0.0104686
0.0237095
0.0127274
0.0230951
0.0196766
0.0356308
0.0241496
0.0194339
0.00692636
0.0141227
0.00930864
0.00806907
0.017466
0.0144917
0.0115374
0.0108495
0.00659091
0.0055738
0.00934751
0.00661068
0.0167647
0.0265484
0.0259146
0.0150987
0.0182064
0.0218885
0.0221161
0.0180759
8.74315e-05
0.0180825
0.0114237
0.0168399
0.0176724
0.000740715
0.0131678
0.0209645
0.00774674
0.0101793
0.0180097
0.0110149
0.0150407
0.0156186
0.00792414
0.024002
0.0231824
0.0184564
0.0174628
0.0169875
0.0142219
0.0218565
0.00680319
0.00759436
0.00297283
0.0129828
0.0118989
0.015056
0.00727439
0.00762882
0.00478019
0.0112988
0.0119681
0.00678437
0.0227549
0.0211476
0.0114153
0.0131969
0.00787221
0.0143059
0.00944807
0.0107893
0.00166044
0.0146239
0.00404716
0.00766761
0.0162062
0.0117115
0.00165941
0.00363555
0.00129973
0.00675937
0.00404443
0.0104952
0.00797756
0.00704883
0.0130081
0.0132017
0.015344
0.0127137
0.000472199
0.00723604
0.00417161
0.0136003
0.00564901
0.0012675
0.00561113
0.00338597
0.00377256
0.00209172
0.00134952
0.00332722
0.00396092
0.00347215
0.00898831
0.000843342
0.0232515
0.00667211
0.00257764
0.00124503
0.00370404
0.00236838
0.00053481
0.00411608
0.00723395
0.0060277
0.00241935
0.00229578
0.00274046
0.00379706
0.00439418
0.0142332
0.00254327
0.0074063
0.00745712
0.00436753
0.000376361
0.00548536
0.0302204
0.0394579
0.0291908
0.0165692
0.0266342
0.0264441
0.0179924
0.0235835
0.0162532
0.0142432
0.0104154
0.0204853
0.011807
0.0199087
0.0202076
0.0243468
0.0291098
0.0283829
0.0286549
0.0403685
0.0206529
0.00206487
0.0216118
0.000953834
0.0122159
0.00241687
0.0226676
0.00107478
0.0168697
0.00331369
0.000203837
0.0151161
0.00351403
0.0182825
0.0011456
0.0181122
0.000555047
0.0252183
0.000993261
0.0220925
0.026098
0.0222746
0.0104896
0.0215073
0.00915232
0.0161646
0.0130163
0.0191918
0.0149346
0.0118267
0.00258418
0.0133526
0.0137476
0.0234395
0.0325677
0.0210315
0.0178438
0.0187414
0.0293318
0.026994
0.0130223
0.0123376
0.0190408
0.0129662
0.0141808
0.0187043
0.00123577
0.00280882
0.00294604
0.00173323
0.0156367
0.0223144
0.0119977
0.00312917
0.0191241
0.0178487
0.0181742
0.0278345
0.0116196
0.0154134
0.00947158
0.0174538
0.00766075
0.0140636
0.0102828
0.0155537
0.00769202
0.0121882
0.0193176
0.00777119
0.0116305
0.00901465
0.0221849
0.013199
0.00987404
0.00965725
0.0153679
0.0163111
0.0229912
0.0216426
0.0174671
0.0131969
0.0128221
0.0125996
0.00760347
0.00648803
0.00391969
0.00840746
0.0259775
0.0132212
0.00575703
0.00618251
0.005572
0.00996659
0.0157739
0.0207801
0.00795816
0.010924
0.014825
0.0114874
0.0102695
0.0112471
0.0124754
0.00238101
0.0078073
0.0116974
0.000569142
0.012189
0.00185686
0.000916353
0.00849911
0.000869202
0.0126558
0.00586041
0.0113137
0.000535411
0.00616369
0.00265451
0.00585924
0.00439636
0.0127732
0.00341038
0.00461825
0.00762557
0.00374779
0.01379
0.00240788
0.00148264
0.00498236
0.00323623
0.00537391
0.00123845
0.00687371
0.00798319
0.0037713
0.00171672
0.00658672
0.00951457
0.002971
0.00735596
0.0429799
0.040808
0.0405995
0.0376016
0.0290721
0.022631
0.0212453
0.0252325
0.0197662
0.019325
0.0199863
0.0195814
0.0288304
0.0253491
0.0214031
0.0268632
0.0326695
0.0312786
0.0450545
0.0563057
0.039705
0.033537
0.0379211
0.0176662
0.0299548
0.0192205
0.0301375
0.020051
0.0157875
0.0055064
0.0136508
0.0243497
0.0234065
0.0205206
0.0271509
0.0302669
0.0193524
0.027447
0.0354494
0.0457015
0.0232655
0.0236652
0.0113594
0.0215701
0.028534
0.016738
0.0120425
0.0157344
0.0175827
0.0105669
0.0196987
0.0131953
0.0174001
0.0143356
0.0211335
0.0237879
0.0236419
0.032009
0.0274211
0.0363141
0.031743
0.0208534
0.0238305
0.0181427
0.0176007
0.0169791
0.0200925
0.0123549
0.0144087
0.0230747
0.0122595
0.00946673
0.0138079
0.00819503
0.0218483
0.0168975
0.0282105
0.0229826
0.0218896
0.0244108
0.0244578
0.0159485
0.0188163
0.00827839
0.0129515
0.00532979
0.0100216
0.00657753
0.0119056
0.022385
0.00514975
0.00353368
0.0117279
0.0163021
0.0106317
0.00819639
0.0158387
0.0202945
0.0179809
0.0221438
0.0176644
0.0202343
0.00615373
0.0118838
0.000360932
0.00355455
0.0144302
0.00702207
0.00166407
0.00204625
0.00420718
0.00539897
0.0133344
0.0140948
0.0150095
0.00954148
0.0073433
0.00516211
0.0119725
0.0161282
0.00916714
0.0168342
0.00257446
0.00714608
0.00409619
0.00565714
0.00349901
0.000806471
0.00733693
0.00022486
0.00387508
0.00797257
0.00769656
0.00823344
0.00306808
0.00424963
0.000126217
0.00507548
0.0138155
0.00637885
0.00381431
0.00481548
0.00620962
0.00246822
0.00241189
0.00216606
0.00346477
0.00559212
0.00778676
0.00643081
0.000117765
0.00466349
0.00518779
0.00454756
0.0135361
0.000424272
0.00594891
0.00579047
0.00682922
0.00764331
)
;

boundaryField
{
    hotSide
    {
        type            fixedGradient;
        gradient        nonuniform List<scalar> 
400
(
321.511
322.87
325.591
329.677
335.133
341.965
350.181
359.788
370.794
383.208
397.037
412.289
428.971
447.088
466.647
487.651
510.105
534.011
559.372
586.191
323.738
325.08
327.767
331.802
337.194
343.949
352.078
361.591
372.498
384.81
398.537
413.687
430.268
448.289
467.755
488.672
511.043
534.872
560.161
586.913
326.149
327.47
330.116
334.091
339.406
346.071
354.099
363.503
374.296
386.491
400.101
415.136
431.606
449.52
468.885
489.706
511.988
535.735
560.948
587.63
328.704
330
332.597
336.503
341.73
348.292
356.205
365.485
376.15
388.215
401.695
416.604
432.954
450.753
470.009
490.73
512.919
536.579
561.714
588.325
331.33
332.599
335.142
338.97
344.099
350.546
358.332
367.477
378.003
389.928
403.271
418.047
434.27
451.949
471.095
491.712
513.807
537.382
562.439
588.978
333.918
335.158
337.643
341.389
346.414
352.74
360.392
369.397
379.779
391.562
404.765
419.407
435.503
453.065
472.101
492.618
514.622
538.114
563.096
589.569
336.321
337.531
339.959
343.622
348.544
354.751
362.274
371.142
381.385
393.031
406.101
420.618
436.595
454.047
472.983
493.409
515.33
538.747
563.663
590.076
338.36
339.543
341.92
345.509
350.339
356.44
363.847
372.595
382.718
394.244
407.2
421.608
437.485
454.844
473.695
494.045
515.897
539.253
564.114
590.478
339.852
341.015
343.352
346.885
351.645
357.665
364.985
373.643
383.675
395.113
407.984
422.312
438.116
455.407
474.197
494.491
516.294
539.606
564.428
590.758
340.643
341.795
344.11
347.613
352.334
358.311
365.584
374.193
384.176
395.567
408.393
422.679
438.443
455.699
474.456
494.722
516.498
539.788
564.589
590.901
340.643
341.795
344.11
347.613
352.334
358.311
365.584
374.193
384.176
395.567
408.393
422.679
438.443
455.699
474.456
494.722
516.498
539.788
564.589
590.901
339.852
341.015
343.352
346.885
351.645
357.665
364.985
373.643
383.675
395.113
407.984
422.312
438.116
455.407
474.197
494.491
516.294
539.606
564.428
590.758
338.36
339.543
341.92
345.509
350.339
356.44
363.847
372.595
382.718
394.244
407.2
421.608
437.485
454.844
473.695
494.045
515.897
539.253
564.114
590.478
336.321
337.531
339.959
343.622
348.544
354.751
362.274
371.142
381.385
393.031
406.101
420.618
436.595
454.047
472.983
493.409
515.33
538.747
563.663
590.076
333.918
335.158
337.643
341.389
346.414
352.74
360.392
369.397
379.779
391.562
404.765
419.407
435.503
453.065
472.101
492.618
514.622
538.114
563.096
589.569
331.33
332.599
335.142
338.97
344.099
350.546
358.332
367.477
378.003
389.928
403.271
418.047
434.27
451.949
471.095
491.712
513.807
537.382
562.439
588.978
328.704
330
332.597
336.503
341.73
348.292
356.205
365.485
376.15
388.215
401.695
416.604
432.954
450.753
470.009
490.73
512.919
536.579
561.714
588.325
326.149
327.47
330.116
334.091
339.406
346.071
354.099
363.503
374.296
386.491
400.101
415.136
431.606
449.52
468.885
489.706
511.988
535.735
560.948
587.63
323.738
325.08
327.767
331.802
337.194
343.949
352.078
361.591
372.498
384.81
398.537
413.687
430.268
448.289
467.755
488.672
511.043
534.872
560.161
586.913
321.511
322.87
325.591
329.677
335.133
341.965
350.181
359.788
370.794
383.208
397.037
412.289
428.971
447.088
466.647
487.651
510.105
534.011
559.372
586.191
)
;
    }
    coldSide
    {
        type            mixed;
        refValue        uniform 300;
        refGradient     uniform 0;
        valueFraction   uniform 0.991591;
        source          uniform 0;
        value           nonuniform List<scalar> 
400
(
300.027
300.037
299.997
300.051
300.036
300.032
300.042
300
300.039
300.042
300.037
300.041
300.001
300.025
299.991
300.02
300.048
300.046
300.074
300.052
300.029
300.035
300.044
300.013
300.014
300.016
300.022
300.056
300.038
300.042
300.05
300.013
300.071
300.02
300.031
300.06
300.04
300.043
300.032
300.03
300.041
300.022
299.991
300.045
300.02
300.029
300.028
300.002
300.013
300.062
300.039
300.026
300.041
300.047
300.036
300.02
300.035
300.05
300.03
300.026
300.018
300.046
300.026
300.049
300.038
300.027
300.034
300.024
300.03
300.068
300.022
300.039
300.036
300.05
300.042
300.028
300.022
300.046
300.061
300.036
299.998
300.065
300.039
300.04
300.01
300.021
300.045
300.036
300.02
300.033
300.05
300.037
300.023
300.045
300.063
300.056
300.048
300.039
300.032
300.049
300.015
300.004
300.011
300.035
300.01
300.052
300.017
300.037
300.024
300.004
300.035
300.014
300.042
300.063
300.026
300.062
300.027
300.03
300.007
300.048
300.042
300.05
300.007
300.032
300.038
300.019
300.027
300.046
300.031
300.025
300.036
300.071
300.035
300.05
300.066
300.03
300.048
300.022
300.036
300.052
300.033
300.033
300.032
300.021
300.028
300.042
300.012
300.043
300.037
300.033
300.026
300.06
300.026
300.012
300.032
300.016
300.045
300.026
300.038
300.057
300.027
300.028
300.034
300.019
300.068
300.04
300.049
300.054
300.025
300.056
300.049
300.025
300.036
300.011
300.076
300.076
300.044
300.035
300.055
300.023
300.053
300.022
300.024
300.001
300.039
300.037
300.039
300.034
300.029
300.052
300.044
300.04
300.035
300.043
300.06
300.018
300.037
300.035
300.034
300.027
300.034
300.041
300.033
300.013
300.042
300.034
300.038
300.036
300.024
299.996
300.038
300.041
300.04
300.002
300.047
300.015
300.033
300.034
300.029
300.043
300.047
300.012
300.028
300.022
300.021
300.006
300.043
300.016
300.013
300.038
300.017
300.045
300.035
300.025
300.029
300.022
300.031
300.051
300.045
300.055
300.004
300.031
300.011
300.045
300.043
300.003
300.029
300.04
300.019
300.039
300.025
300.063
300.01
300.07
300.038
300.029
300.012
300.03
300.025
300.03
300.029
300.018
300.064
300.048
300.031
300.03
300.065
300.022
300.037
300.049
300.038
300.051
300.03
300.051
300.037
300.043
300.052
300.004
300.022
300.031
300.029
300.038
300.023
300.024
300.032
300.017
300.043
300.014
300.021
300.048
300.056
300.039
300.001
300.052
300.044
300.005
300.05
300.047
300.052
300.008
300.011
300.028
300.014
300.038
300.037
300.056
300.03
300.036
300.014
300.05
300.038
300.035
300.042
300.052
300.01
300.059
300.032
300.022
300.046
300.044
299.994
300.024
300.03
299.978
300.036
300.054
300.043
300.007
300.033
300.032
300.013
300.036
300.064
300.01
300.052
300.018
300.045
300.021
300.025
300.027
300.024
300.011
300.03
300.011
300.033
300.038
300.033
300.048
300.006
300.029
300.008
300.041
300.011
300.035
300.067
300.026
300.039
300.029
300.017
300.057
300.012
300.016
300.003
299.996
300.039
300.024
300.029
300.029
300.025
299.989
300.059
300.043
300.016
300.028
300.024
300.034
300.045
300.039
300.034
300.025
300.024
300.045
300.007
300.027
300.057
300.031
299.998
300.015
300.016
300.017
300.009
300.066
300.014
300
300.048
299.994
300.025
300.026
300.022
300.022
)
;
    }
    adiabaticPlanes
    {
        type            fixedGradient;
        gradient        uniform 0;
    }
}

