/*--------------------------------*- C++ -*----------------------------------*\
| =========                 |                                                 |
| \\      /  F ield         | OpenFOAM: The Open Source CFD Toolbox           |
|  \\    /   O peration     | Version:  2212                                  |
|   \\  /    A nd           | Website:  www.openfoam.com                      |
|    \\/     M anipulation  |                                                 |
\*---------------------------------------------------------------------------*/
FoamFile
{
    version     2.0;
    format      ascii;
    arch        "LSB;label=32;scalar=64";
    class       volScalarField;
    location    "0";
    object      relativeErrorField;
}
// * * * * * * * * * * * * * * * * * * * * * * * * * * * * * * * * * * * * * //

dimensions      [0 0 0 1 0 0 0];

internalField   nonuniform List<scalar> 
3200
(
0.0137805
0.00804831
0.00276158
0.00158667
0.00245692
0.00891991
0.0123498
0.00888672
0.00892589
0.00719255
0.0107487
0.011845
0.0127291
0.00784644
0.00407338
0.0094539
0.00887788
0.0015827
0.00925174
0.00681659
0.0120421
0.00567162
0.00558909
0.00713269
0.00762376
0.0108271
0.011316
0.011589
0.00144872
0.00514796
0.00587441
0.013849
0.00667822
0.0138613
0.00656933
0.00823747
0.000295543
0.00173707
0.00352947
0.00633324
0.00934498
0.000655788
0.00248915
0.00726533
0.0077091
0.00801526
0.0102431
0.0119067
0.0105888
0.00981583
0.0161445
0.00367785
0.00613417
0.00585923
0.00873648
0.0114593
0.00141137
0.00191908
9.93052e-05
0.000598634
0.00396837
0.00300645
0.000647363
0.00528929
0.00572276
0.00538655
0.00659551
0.0101049
0.010887
0.00990942
5.0171e-05
0.00830067
0.00625531
0.00888518
0.012013
0.00224348
0.00192821
0.00296864
0.0039094
0.00316289
0.00683316
0.00252965
0.00220867
0.000235476
0.0049437
0.00364225
0.00962791
0.00841998
0.00393602
0.0102983
0.00628487
0.0021935
0.0081426
0.00390412
0.0091079
0.0047429
0.00192395
0.0109914
0.000253729
0.00899557
0.00015753
0.00124847
0.000339424
0.00277616
0.00453801
0.00124148
0.00853159
0.00572103
0.00120487
0.00404033
0.0103003
0.0059639
0.000350037
0.00339476
0.000501107
0.00142717
0.00278709
0.00595732
0.00141449
0.00239931
0.00291204
0.00742143
0.000104914
0.00188537
0.00340977
0.000696751
0.00401809
0.00594163
0.00394037
0.00638309
0.0116188
0.000668133
0.00152838
0.00848867
0.00266179
0.0081521
0.00336731
0.0036944
0.00779161
0.00320722
0.00293314
0.00228895
0.00219902
0.00368486
0.00122953
0.000184743
0.00512428
0.00114364
0.00385498
0.00319163
0.0011831
0.00201574
0.000709028
0.000916431
0.00106074
0.0052904
0.00253576
0.0112365
0.0010765
0.00641121
0.00818248
0.0057499
0.00451172
0.00566687
0.0054462
0.00758466
0.00953691
0.0119828
0.0113818
0.00680638
0.00534766
0.00689566
0.0087234
0.00823785
0.00492682
0.00843654
0.00751246
0.00224337
0.00536273
0.00733205
0.00843742
0.000436454
0.00278361
0.0013447
0.00534423
1.14602e-07
0.0076491
0.000995252
0.00840106
0.000501708
0.000915157
0.0076575
0.000833946
0.011144
0.000757434
0.00559139
0.00146297
0.000667968
0.000619134
0.0100861
0.00549929
0.00450504
0.00189762
0.00360812
0.00679824
0.00537741
0.00257167
0.0048262
0.00633295
0.00509536
0.0176751
0.00355559
0.0100373
0.00309221
0.00494838
0.00618902
0.00547267
0.00272295
0.00934985
0.00512452
0.00633501
0.00626342
0.0013867
0.00275506
0.00498821
0.00739901
0.00124947
0.0127547
0.00555649
0.00444492
0.0150566
0.00461272
0.00974987
0.00798474
0.00416299
0.00526198
0.00146884
3.19146e-05
0.00505294
0.00816778
0.00592104
0.000849385
0.00772482
0.00449267
0.00858262
0.0125641
0.00312043
0.00837374
0.0108878
0.000528992
0.00426055
0.00303331
0.00347019
0.0113667
0.0050963
0.00427205
0.00207091
0.00108602
0.0016101
0.00872095
0.00207782
0.00884679
0.0055813
0.00703366
0.00797184
0.00153624
0.00186741
0.00279872
0.00335257
0.00800064
0.000612171
0.00616973
0.0046454
0.0019802
0.00605214
0.00800064
0.00439139
0.00440551
0.00810641
0.00673576
0.00341088
0.00144083
0.00219814
0.00146658
0.000951955
0.00338079
0.00440502
0.00559904
0.00536444
0.0031669
0.0048564
0.00912545
0.00113037
0.00587523
0.00660781
0.000648878
0.00551441
0.000148213
0.00103978
0.00362096
0.00395754
0.000879317
0.00855612
0.00357172
0.00481287
0.00258428
0.00173441
0.007955
0.0103996
0.00111671
0.000393087
0.00823017
0.000289341
0.00202664
0.000548119
0.00116056
0.00516289
0.00186883
0.00256594
0.00326911
0.0154319
0.00348098
0.0037362
0.00215012
0.00293201
0.00855074
0.00561592
0.0146213
0.010618
0.00670662
0.00641648
0.00604873
0.00515918
0.00445723
0.00496116
0.0068806
0.00571178
0.00516126
0.00387848
0.00283972
0.0130173
0.000442041
0.00123068
0.00718664
0.00810974
0.00661897
0.00456419
0.00525874
0.00946718
0.00461835
0.00328365
0.00277001
0.00406281
0.0106396
0.0117963
0.00816274
0.00995492
0.000799197
0.0042816
0.0121802
0.0052617
0.00131486
3.9601e-05
0.00463099
0.00143168
0.00307219
0.00409768
0.00972997
0.0130099
0.00380228
0.00930972
0.00465886
0.00125029
0.0103578
0.00243252
0.0052286
0.00671208
0.00181588
0.00269744
0.00910698
0.00995985
0.00194775
0.00244489
0.00102935
0.00751719
0.0094525
0.00506219
0.00701228
0.0102248
0.00439612
0.00743175
0.00352746
0.00765503
0.00339136
0.00215711
0.00253514
0.00614686
0.00563243
0.00611448
0.00214523
0.0047227
0.00384333
0.00614085
0.00287594
0.00225597
0.00883899
0.00970248
0.00286181
0.00309092
0.00465584
0.00758679
0.00270141
0.00177828
0.00313006
0.00492043
0.00113169
0.000306988
0.00321881
0.000355463
0.00606741
0.00802247
0.00431916
0.00162131
0.00459816
0.00237826
0.00663786
0.00184681
0.00443852
0.00572897
0.00961377
0.00581049
0.00123506
0.00332227
0.00639013
0.0006205
0.000549048
0.0018076
0.00120347
0.00286881
0.00212395
0.00345615
0.00310542
0.00169257
0.00281789
0.00118735
0.00734813
0.00719191
0.00683969
0.00341724
0.00227289
0.00324341
0.00323259
0.00244189
0.00398763
0.000826836
0.00127779
0.00126074
0.00426189
0.00630679
0.00810729
0.00231485
0.00193984
0.0020325
0.00527813
0.00148184
0.00398521
0.00918035
0.000103943
0.00142107
0.00498354
0.00898779
0.00233702
0.00527692
0.000756819
0.000442968
1.23769e-05
6.24556e-05
0.00478422
0.00287858
0.00769775
0.0112706
0.00277804
0.00422675
0.00499181
0.00568392
0.00075232
0.00606194
0.00196888
0.00598168
0.00946165
0.0108143
0.00424277
0.00133209
0.000247933
0.00644757
9.14193e-05
0.00124278
0.00467263
0.00486149
0.00999438
0.00745987
0.000237926
0.00468843
0.001754
0.0104956
0.00110927
0.00548651
0.000599425
0.00163792
0.00156824
0.000645461
0.00102956
0.000437543
0.0082034
0.00145908
0.0053489
0.000619387
0.000592299
0.00147747
0.00884639
0.00306199
0.00243298
0.00344417
0.00657874
0.0105587
0.00380725
0.0130997
0.00611304
0.00117591
0.00531312
0.00627561
0.00320686
0.00345071
0.00649096
1.48073e-05
4.51266e-05
0.00724367
0.00816474
0.00929628
0.00526702
0.00617498
0.00348408
0.00138143
0.00265041
0.00376557
0.00413429
0.00689488
0.00207068
0.00823802
0.00826007
0.0037555
0.00319922
4.18509e-05
0.00190806
0.00709475
0.00347502
0.000781841
0.0047075
0.00224142
0.0073642
0.00634736
0.0014327
0.00258341
0.00122899
0.00122289
0.000101989
0.00410832
0.0107826
0.00723451
0.000467238
0.00225001
0.00560854
0.0030993
0.00180275
0.000190949
0.00502603
0.00401598
0.00606706
0.000872621
0.0005034
0.00224946
0.000934769
0.00218355
0.00678315
0.00419634
0.00632519
0.00498471
0.00758777
0.0025664
0.00296384
0.00126203
0.000861725
0.00655672
0.00304323
0.00522907
0.00326951
0.00326865
0.00230682
6.30535e-05
0.00254207
0.00839757
0.00105809
0.00503704
0.00448341
0.00233355
0.000365324
0.000488798
0.00242267
0.00179968
0.00473865
0.00762754
0.00399821
0.00736438
0.00307069
0.00534008
0.00216107
0.00290501
0.000153701
0.00600264
0.00380424
0.000723172
0.00547031
0.00405041
0.00577869
0.0107055
0.00203771
0.00847971
0.00279674
0.00400956
0.00605499
0.00350458
6.2204e-05
0.00804381
0.000934388
0.003938
0.00122176
0.00145335
0.00503993
0.000707789
0.000285953
0.0109652
0.00745599
0.00315157
0.00345326
0.00924979
0.00369538
1.26746e-05
0.00137568
0.000241243
0.000422117
0.000883949
0.00986056
0.00185552
0.00499165
0.00164243
0.0010129
0.00136021
0.00708364
0.00299654
0.0117812
0.00793796
0.000728135
0.00377712
0.00606411
0.00552283
0.00369437
0.00208535
0.00216431
0.00255862
0.0090416
0.00459127
0.00171644
0.000336808
0.00289513
0.00199386
0.00655419
0.00161266
0.00162429
0.00917741
0.0152471
0.00812617
0.00191332
0.00202686
0.000575147
0.00356705
0.000224167
0.00144255
0.00232894
0.00209857
0.00606645
0.00289174
0.00727931
0.00245222
0.000551407
0.00530353
0.000799521
0.00229642
0.00100336
0.00159463
0.00638898
0.0080163
0.00403939
0.00324634
0.000914425
0.0106544
0.00347722
0.000802112
0.00299862
0.00429376
0.0071355
0.000711126
0.00300129
0.000886316
0.00500637
0.00497305
0.000678591
0.00189777
0.00101858
0.00706195
0.00757336
0.00551117
0.00377756
0.00276208
0.00409131
0.0066666
0.00105122
0.00482313
0.00672812
0.00116503
0.00417319
0.000819284
0.000111672
0.000554
0.00178388
0.00662982
0.00564003
0.00299157
0.00234199
0.00270614
0.0119584
0.00562613
0.00284373
0.00245182
0.00226156
0.00891599
0.000891798
0.00172672
0.00191579
0.0067375
0.000370985
0.00130842
0.00688885
0.00499385
0.000277662
0.00189687
0.00600958
0.00541743
0.00264683
0.00260188
0.00738865
0.000918301
0.000347036
0.00610275
0.00208464
0.00901771
0.0019606
0.00194219
0.00298316
0.000710336
0.00482005
0.00539972
0.000226681
0.000444543
0.00141002
0.0045864
0.00229311
0.00513042
0.00202361
0.00288432
0.00207884
0.00501557
0.000103172
0.00672373
0.00266407
0.0022666
0.0027754
0.00197469
0.0041462
0.00248103
0.00310727
0.00255345
0.00326485
0.000647975
0.00288753
0.00188844
0.00669088
0.003439
0.000626844
0.00114246
0.00960484
0.0136742
0.00232369
0.00628227
0.00506214
0.00111607
0.00364815
0.00205709
0.00683232
0.00331717
0.000492884
0.0017114
0.00270325
0.000576507
0.000290602
0.00165166
0.000872196
0.00332167
0.00702511
0.00493552
0.00772374
0.00233897
0.00108898
0.000975822
0.000661905
0.0043802
0.00246513
0.0013868
0.000834668
0.000211252
0.00180316
0.000632534
0.00545447
0.000616958
0.000673373
0.000181176
0.00249386
0.000147984
0.0018951
0.000183456
0.0175082
0.0110102
0.00501396
0.00678543
0.00304401
0.00503735
0.000880649
0.0114842
0.0102311
0.0108844
0.00183104
0.00385896
0.00299392
0.00344449
0.000609234
0.002703
0.00136229
0.00384126
0.00019713
0.00268557
0.00362249
0.0106716
0.00340631
0.00326957
0.00608669
0.0052653
0.00243566
0.00749501
0.00227895
0.00463123
0.00196821
0.00670632
0.00413577
0.00569224
0.0038058
0.00216835
0.00194962
0.00246204
5.13662e-05
0.000754723
0.00505246
0.00399854
0.00625541
0.00440009
8.60004e-06
0.0077606
0.00133296
0.00186004
0.00274326
0.00312181
0.000494848
0.00575683
0.00192975
0.00879692
0.00535894
0.00185755
0.00782586
0.00137792
0.00183724
0.00274452
0.00542248
0.00306901
0.00360142
0.00290838
0.00191275
0.000881341
0.00587725
0.00137121
0.00242018
0.00629876
0.00187919
0.00999679
0.000524652
0.00260552
0.00277849
0.00442857
0.00178199
0.00271895
0.00332514
0.003069
0.00434808
0.00124087
0.00267995
0.00606686
0.00856872
0.0015473
0.000236405
0.00641067
0.00198856
0.00400299
0.00506909
0.00182956
0.00343236
0.00269122
0.000105654
0.00635314
0.00224298
0.00552547
0.00328495
0.00215372
0.00147981
0.000113814
0.00431704
0.00150133
0.00245108
0.00169603
0.00090156
0.00146233
0.00814846
0.00370937
0.00816793
0.00026792
0.0031416
0.00650409
0.000102713
0.00100535
0.00289691
4.54932e-05
0.00206272
0.00292507
0.000229843
0.0196053
0.00218498
0.00794153
0.000467409
0.00415585
0.000176919
0.00566716
0.00708681
0.00155247
0.00799731
1.44036e-05
0.00980238
0.002195
0.00117067
0.00409832
0.0032951
0.00773279
0.0107293
0.00253374
0.00871352
0.0128853
0.00768911
0.00689566
0.000208471
0.0017261
0.00248359
0.00368322
0.000772917
0.000235462
0.000750077
0.00334134
0.00142183
0.00164878
0.000531688
0.00893575
0.0016303
0.00898874
0.00775309
0.00864675
0.0098515
0.0113073
0.00921218
0.00160231
0.00248226
0.00244621
0.00417056
0.00131784
0.00316633
0.000453402
0.00262855
0.00162678
0.000112464
0.00344097
0.000847641
0.00476038
0.00690244
0.00238946
0.00033062
0.00435819
0.00463281
0.00390693
0.00584977
0.00061671
0.0076659
0.00582284
0.00161805
0.00319814
0.00592055
0.00185813
0.00117962
0.00130804
0.0020918
0.00031415
0.00654609
0.00497455
0.00451575
0.00278344
0.00343867
0.0013281
0.0115061
0.0128812
0.00198723
0.000564158
0.00107664
0.00574002
0.00170143
0.00484571
0.00185269
0.000933053
0.00466545
0.00624959
0.00315676
0.00421828
0.00109687
0.00138376
0.00250834
0.00737587
0.00398232
0.00530966
0.00367442
0.00398004
0.00192712
0.00489534
0.00140835
0.00220794
0.000849079
0.00847287
0.00241651
0.00274949
0.00306731
0.00551425
0.00800082
0.00364453
9.79045e-05
0.0021911
0.00484083
0.00451461
0.00342259
0.00525901
0.00398095
0.00356912
0.000438988
0.00559257
0.0022982
0.00382146
0.00786619
0.00225111
0.00409699
0.00733351
0.00470187
0.00361094
0.00381149
0.00783922
0.00334456
0.00217567
0.00498398
0.00920007
0.00655649
0.00321307
0.00199217
0.000502453
0.00196811
0.00720386
0.000581916
0.00443408
0.00538812
0.00647537
0.00225764
3.04132e-05
0.00373486
0.000328413
0.00264656
0.000267712
0.0032018
0.00411249
0.000995253
0.00292718
0.00042507
0.000814348
0.000661294
0.0142049
0.0087338
0.0105039
0.00261473
0.00498579
0.0042305
0.0038608
0.00514121
0.000657573
0.0018273
0.00574964
0.0109492
0.00341689
0.00425606
0.00142388
0.00167501
0.00713087
0.00852902
0.0125103
0.0109886
0.0113084
0.00072509
0.00354878
0.000445402
0.000974863
0.00161494
0.00342863
0.00217883
0.00222924
0.00049584
0.00100107
0.0064126
0.00120752
0.000164268
0.000713272
0.000211316
0.000490945
0.00798658
0.00177351
0.0148955
0.00862369
0.00684983
0.00456874
0.00197012
0.00335277
0.000328287
0.00296083
0.000564109
0.00429695
0.0014687
0.000453758
0.00246301
0.000461691
0.000721269
0.00177869
0.00181095
0.00506682
0.0106773
0.00177212
0.00386618
0.00995417
0.00256224
0.0031239
0.00347446
0.00236944
0.00691052
0.000435717
0.0056946
0.00255585
0.00231133
0.000121721
0.00622345
0.000298784
0.00780931
0.00378466
0.00107685
0.00371629
0.00407901
0.000773635
0.00333625
0.00825045
0.00273074
0.00159069
0.00158622
0.00368239
0.00587988
0.00116379
0.0018798
0.00348551
0.000705381
0.00257455
0.00208022
0.00172371
0.0040845
0.0024106
0.00328576
0.00302209
0.00211917
0.00799652
0.00433367
0.00624231
0.00765749
0.0032335
0.00339751
0.0020911
0.00782277
0.0034159
0.000394839
0.00384505
0.000777164
0.00871634
0.00361534
0.00408759
0.00149641
0.0018653
0.00621857
0.000497059
0.00150987
0.00475572
0.0042386
0.00959307
0.00548685
0.00699445
0.00113561
0.000929792
0.00472227
0.00690722
0.00244592
0.00573891
0.00227272
0.00214021
0.000604369
0.00837532
0.00659754
0.00554377
0.00555536
0.0004271
0.00110672
8.28669e-05
0.000279312
0.00256083
0.00366394
0.000258905
0.00222802
0.00198692
0.0010606
0.00185629
0.00222276
0.00206025
0.00278143
0.00021925
0.000611857
0.00409638
0.00455195
0.00536681
0.0040612
0.00336733
0.00376916
0.00752352
0.00144427
0.00624493
0.00493356
0.00414782
0.00145244
0.00567749
0.00203253
0.0017283
0.00399493
0.00109422
0.00833816
0.00640846
0.00940303
0.00826725
0.0110371
0.0122049
0.00121366
0.011318
0.0102709
0.00893705
0.0125337
0.0170954
0.00476871
0.00573681
0.000655837
0.000612363
0.00696854
0.00366886
0.000249048
0.00162746
0.00634369
0.0114549
0.0116652
0.00385872
0.00937331
0.00273641
0.000348349
0.00206497
0.00669646
0.0116224
0.00596854
0.0160369
0.0075256
0.00719815
0.00196292
0.00197313
0.00102921
0.000834644
0.00281105
0.00532377
0.00288975
0.0070538
0.00130167
0.00881348
0.000481179
0.00502231
0.00612471
0.00434639
0.00206465
0.00816033
0.0130522
0.00611144
0.00795613
0.0052999
0.00227557
0.00476618
0.00559615
0.000109075
0.00186466
0.000737384
0.0016049
0.00293568
0.00418176
0.00201285
0.00136098
0.00871015
0.000142538
0.000832032
0.00851124
0.00554751
0.0136895
0.012869
0.00124031
0.00362551
0.00321183
0.00372364
0.00499357
0.00200425
0.00112254
0.00697358
0.00580111
0.00630804
0.000255043
0.00119371
0.00501042
0.00515386
0.00108429
0.00148294
0.00904687
0.00704734
0.00294524
0.006747
0.000215797
0.00129038
0.000723102
0.000245073
0.00241248
0.000338236
0.00424234
0.0018048
0.00305457
0.0014154
0.0104148
0.00258418
0.00122803
0.00207108
0.00283982
0.00526615
0.00635519
0.000772341
0.00189353
0.000689711
0.00457949
0.00200168
0.00224968
0.00109335
0.00539515
0.00299511
0.00479052
0.00421415
0.00120092
0.00125688
0.00320764
0.0049195
0.00274108
0.0104038
0.000154429
0.00549592
0.000941567
0.00196316
0.0047087
0.00138543
0.00718298
0.00293789
0.000193742
0.000316668
0.00156073
0.00265193
0.00304352
0.000804483
0.000508964
0.000139591
0.00604352
0.00141214
0.00392252
0.00584717
7.63058e-05
0.00253398
0.00888402
0.000661678
0.00505212
0.013187
0.00735619
0.000751266
0.00902058
0.0041869
0.00148817
0.00638926
0.00295811
0.000745735
0.00730321
0.00508026
0.013805
0.00814147
0.00894477
0.00522631
0.00612006
0.00299798
0.00521468
0.0168012
0.0108755
0.012023
0.000224101
0.000423661
0.00108276
0.00159585
0.00171332
0.00979237
0.00120189
0.00661707
0.000452075
0.000433476
0.00598508
4.97048e-05
0.00744981
0.000702336
0.00648378
0.000932798
0.00598803
0.00100291
0.00907956
0.0102792
0.00481122
0.000711812
0.000320671
0.000779244
0.00392807
0.00206641
0.00110231
0.0138067
0.00181727
0.00208274
0.00668933
9.33011e-05
0.00356963
0.000474067
0.00385615
0.00277034
0.00365415
0.00537902
0.00881781
0.00158082
0.00445322
0.00375287
0.00281769
0.00812281
0.000463729
0.00218385
0.00792177
0.0015404
0.00521739
0.00513977
0.00100999
0.00316145
0.00439476
0.00299296
0.00211054
0.000792232
0.0074963
0.0011327
0.00745069
0.0116535
0.0129258
0.00454248
0.00698219
0.000197715
0.000100377
0.000755991
0.00679183
0.00771487
0.00408379
0.00406841
0.00178338
0.00390221
0.00213526
0.0026396
0.0015782
0.00340165
0.00133949
0.00758169
0.00681385
0.00621196
0.00354741
0.00394354
0.00120019
0.00262952
0.00321016
0.00612081
0.004309
0.00252476
0.000813294
0.00134548
0.00901165
0.00402869
1.42715e-06
0.000941384
0.00362302
0.00294442
0.00342158
0.00155643
0.00362116
0.00419687
0.00145431
0.00367578
0.00192628
0.000818303
0.00121988
0.00729934
0.00079056
0.000747856
0.00188533
0.00302516
0.00411356
0.00226467
0.00256803
0.0017284
0.00366264
0.00285026
0.00562756
0.000583766
0.00232167
0.00075588
0.00664751
0.000217772
0.00804488
0.0013326
0.0017854
0.00965578
0.000675538
0.000375196
0.00136796
0.000466892
0.00234024
0.00764867
0.00536439
0.00244371
0.00151862
0.00557019
0.00556079
0.00392803
0.000383093
0.0206882
0.00895702
0.00949279
0.00891437
0.00222109
0.00173054
0.00759638
0.00781566
0.00622085
0.0131098
0.0110451
0.0046796
0.00694678
0.00802182
0.00474871
0.00421266
0.0104567
0.0118424
0.00761372
0.0155121
0.00707512
0.000354903
0.00446408
0.000136118
0.00342866
0.000182024
0.00262678
0.000266236
0.00819785
8.0235e-05
0.00108192
0.00878333
0.000846242
0.00420761
0.00148905
0.00667012
0.000150129
0.00783291
0.00215126
0.00932335
0.010739
0.000246663
0.00312457
0.000144488
0.0016307
0.00170293
0.0021687
0.00642843
0.00162385
0.00531272
0.00859274
0.00771045
0.00212984
0.00636353
0.00210843
0.00466188
0.00285511
0.00942101
0.0103631
0.00850054
0.00767635
3.81891e-05
0.004626
0.000907382
0.00368725
0.00301525
0.000830699
0.000244619
0.000195592
0.00197616
0.00538947
0.000631126
0.00141958
0.00710245
0.00392859
0.000770467
0.000551976
0.00617016
0.0114774
0.00714701
0.000204316
0.00432945
0.000144341
0.000494664
0.00117486
0.00409798
0.000591089
0.00322312
0.00107184
0.00905074
0.000430466
0.00832551
0.00160826
0.00864292
0.00029917
0.00397268
0.000229996
0.00626048
0.00706983
0.00702427
0.010011
0.0027079
0.0110469
0.00464956
0.0076071
0.00258399
0.0027841
0.000454413
0.00127524
0.00146473
0.007987
0.000367836
0.00467493
0.000444677
0.000160201
0.00108416
0.00618304
0.00190692
0.00143731
0.00440037
0.000907422
0.00372396
0.00274731
0.00322958
0.00122116
0.00141068
0.0014202
0.00585822
0.00285414
0.00236337
0.00752918
0.00169864
0.00184757
0.00269599
0.00157338
0.000543661
0.00580059
0.00251616
0.00301949
0.00150009
0.00275905
0.00724968
0.00102142
0.00209046
0.00151504
0.00127659
0.00320892
0.00480837
0.00312793
0.00508967
0.00239374
0.00605139
0.00152034
0.00752932
0.00667557
0.00473953
0.00288332
0.0038322
0.00441416
0.00815812
0.0115952
0.0135873
0.00606081
0.00116843
0.000473184
0.00423056
0.00323964
0.00360792
0.00114028
0.00834816
0.0067611
0.00726943
0.00584817
0.00152648
0.00357844
0.00477712
0.00151919
0.00334699
0.00891774
0.0206098
0.011096
0.0138207
0.00574538
0.000760366
0.00640927
0.00475833
0.00124615
0.000140174
0.00357084
0.000160151
0.00364206
0.00587894
0.00888906
0.00481939
0.00876905
0.0014604
0.0066629
0.00583785
0.00745768
0.0184579
0.0104408
0.00951168
0.00280086
0.00161747
0.00281621
0.00222032
0.000958789
0.00100566
0.00225554
0.00808969
0.00743114
0.00794781
0.00449523
0.00776793
0.00833988
0.00369021
0.00968446
0.00195036
0.00992563
0.0117938
0.00960837
0.00502294
0.00027996
0.000549486
0.00300249
0.003185
0.00243389
0.00126755
0.00655079
0.00240631
0.00258205
0.00378325
0.000104859
0.00374415
0.0061942
0.00179992
0.00137197
0.00608478
0.00127842
0.00918193
0.00765807
0.0057299
0.000698479
0.000354197
0.00413914
0.00729314
0.000583084
0.00114341
0.00683785
0.000741055
0.00731087
0.00377946
0.00460371
0.00389056
0.00515323
0.00154815
0.00249959
0.00181409
0.00155795
0.0113283
0.000461334
0.00362248
0.00593884
0.00433113
0.00224884
0.00348701
0.00161566
0.0061015
0.00435925
0.00294995
0.00241369
0.000252503
0.00821461
0.00855553
0.00521036
0.000509901
0.0035105
0.00563111
0.00167587
0.00186106
0.00661108
0.00306005
0.000506871
0.00295785
0.0044573
0.00128373
0.00269651
0.00458236
0.00278837
0.0019842
0.00175771
0.00257813
0.00746688
0.00142244
0.00266625
0.00231929
0.00513511
0.0050915
0.00343368
0.00215516
0.00186136
0.000518718
0.00249458
0.00308975
0.00259194
0.00107375
0.00132439
0.00200838
0.00167673
0.000728581
0.00303884
0.00335127
0.000767384
0.00487147
0.000825133
0.00398965
0.00318196
6.6461e-05
0.00184003
0.00168894
0.0148764
0.0108925
0.0084823
0.00640746
0.00430036
0.00644374
0.00285431
0.00218303
0.00576781
0.00365304
0.00975098
0.00752224
0.00200409
0.00605653
0.0112864
9.28017e-05
0.00116594
0.00654015
0.00626397
0.00939113
0.0125426
0.00105401
0.00748502
0.00199179
0.00160141
0.00172977
0.0025952
0.000406972
0.00291933
0.0005418
0.000181747
0.00576708
0.000863439
0.00726652
0.00057005
0.00307128
0.0011145
0.00302805
0.00109086
0.0115208
0.0138254
0.0105129
0.00333805
0.00684986
0.00335654
7.07334e-05
0.00384958
0.00438984
0.00270071
0.00323199
0.00288321
0.00127086
0.0050779
0.000167091
0.00437122
0.00701901
0.00915185
0.000858476
0.00936155
0.00853388
0.014999
0.00635679
0.00128454
0.00480205
0.000516453
0.00379283
0.00570398
0.000583741
0.00601848
0.00312729
0.00605258
0.00370024
0.0050414
0.00538169
0.000832825
0.000357314
0.00364023
0.000974068
0.00750087
0.00931748
0.000429456
0.0107744
0.00479592
0.00362414
1.8354e-05
0.00263449
0.000469801
0.00253762
0.00230383
0.00109134
0.00386226
0.00337963
0.00479057
0.00876597
0.00278324
0.00322084
0.00446979
0.000934506
0.00413102
0.00617068
0.00685466
0.00642917
0.000653877
0.000768627
0.000642476
0.00858287
0.00535551
0.00703506
0.000610394
0.00296915
0.000335166
0.00751318
0.0057784
0.00441483
0.00147528
0.00375783
0.0071365
0.00621136
0.00267599
0.00325208
0.0072187
0.0082621
0.000761161
0.00019976
0.00495308
0.00293535
0.00350177
0.00715814
0.00209572
0.00139205
0.00123915
0.00118816
0.00665335
0.00420399
0.0117413
0.0044002
0.00342166
0.0034965
0.00357917
0.0021865
0.00430716
0.00300897
0.00174131
0.0026543
0.00522591
0.00202507
0.0016895
0.00410555
0.00529984
0.000666254
0.0028006
0.00320312
0.00179526
0.00379604
0.00083351
0.00407108
0.00739728
0.000538456
0.000675103
0.000827352
0.0134539
0.0127111
0.00359355
0.00288084
0.00386879
0.00471362
0.000722983
0.00218837
0.00125606
0.0058977
0.00800607
0.0100523
0.00467815
0.00175636
0.0101801
0.0034742
0.0115684
0.0122916
0.0137264
0.00693584
0.0113681
0.007255
0.00533042
0.00202917
3.18473e-05
0.00520881
0.00299965
0.0033733
0.00913658
0.00734894
0.00424851
0.00422576
0.00466419
0.00142759
0.00209629
0.00497616
0.00469066
0.00302699
0.00676847
0.0125322
0.00414545
0.00763153
0.000578134
0.00155041
0.00084177
0.000680159
0.00160226
0.00232158
0.000106075
0.00113519
0.00213621
0.00654446
0.00273919
0.00358425
0.00267383
0.00140372
0.00432328
0.00601713
0.00854396
0.0116606
0.0117261
0.00150527
0.00151723
0.00223753
0.000169165
0.00118362
0.00134603
6.06686e-05
0.00100664
0.00611318
0.000192761
0.000769333
0.00784482
0.00394071
0.00548422
0.0113798
0.00857988
0.00500377
0.00287373
0.00518732
0.0152997
0.00341426
0.00921699
0.00432803
0.00314664
0.00412975
0.0027035
0.00266734
0.00628984
0.00317776
0.00381044
0.000782316
0.00896139
0.00212952
0.00272334
0.00106448
0.0119692
0.00363083
0.00321177
0.0127389
0.00269453
0.00732176
0.00341606
0.00541845
0.00166915
0.00576899
0.00396686
0.00417883
0.00639763
0.00144908
0.00548781
0.00265344
0.00102629
0.000226346
0.00673864
0.00110602
0.000987693
0.00108024
0.00586517
0.00312904
0.00397984
0.00957073
0.00366316
0.00556273
0.0118066
0.00381147
0.000183433
0.00682706
0.000606234
0.00412277
0.00304034
0.0038383
0.00357996
0.00676561
0.00147524
0.00290701
0.00128833
0.000733417
0.00296773
0.00169256
0.00799588
0.000496977
1.4915e-05
0.00484385
0.000583023
0.00339117
0.00398587
0.000307687
0.00125369
0.00818866
0.00343893
0.0068232
0.00210668
0.00306763
0.00250281
0.0052363
0.00596266
0.0148578
0.00654534
0.00955235
0.00551015
0.0109036
0.00561893
0.000244826
0.00469395
0.00462081
0.000763554
0.0043687
0.000980438
0.000816746
0.00532103
0.0051705
0.00404629
0.00460443
0.00148076
0.00226446
0.00114718
0.00556762
0.00994095
0.00965144
0.00868763
0.000463529
0.00141439
0.000621372
0.00301388
0.000455497
0.000570466
0.00161708
0.00230796
4.98924e-05
0.000466639
0.00449363
0.00149658
0.00387336
0.00253423
4.79413e-05
0.00010639
0.0043212
0.000663034
0.0106402
0.0065775
0.00973196
0.00221165
0.00524169
0.002036
0.00467354
0.00196621
0.00447263
0.00199639
0.00379926
0.00557759
0.00350251
0.00394762
0.0045711
0.00168199
0.00431217
0.0059666
0.000359497
0.00814585
0.0131661
0.0046128
0.00244878
0.00181998
0.00335141
0.00630863
0.000821075
0.00281055
0.00425617
0.000943846
0.0011433
0.000644447
0.00429495
0.00286426
0.000347506
0.00235601
0.00181343
0.00234041
0.00189801
0.00843906
0.00375299
0.00709416
0.00269266
0.00227427
0.00443523
0.00180962
0.0044183
0.00216871
0.000388538
0.00417487
0.00315017
0.00031035
7.55798e-05
0.00121819
0.00173591
0.00212418
0.00216448
0.00956564
0.010003
0.00564777
0.000295719
8.20696e-05
0.00382058
0.000974955
0.00361152
0.0023388
0.0016931
0.00307907
0.00145954
0.001843
0.000102491
0.00298485
0.00224649
0.00595485
0.000454999
0.00466303
0.00452653
0.00118535
0.00102064
0.00351853
0.000985373
0.00446914
0.00177549
0.00337651
0.000933404
0.00395483
0.00224926
0.00536051
0.00125202
0.00455332
0.00738816
0.00294452
0.00763314
0.00904969
3.50445e-05
0.00455116
0.00197354
0.00288946
0.00482255
0.00686345
0.000823928
0.00301308
0.00880971
0.00579547
0.000342868
0.00377288
0.00545007
0.00207894
0.00487982
0.00426779
3.30061e-05
0.000629147
0.00086032
0.000640329
0.00725627
0.00626447
0.0124277
0.00103875
0.000153191
0.00345188
0.00711096
0.00721576
0.00792385
0.0017397
0.00311595
0.00329348
0.00343208
0.000329815
0.00677184
0.0069831
0.000354608
0.00159478
0.00121597
0.00317036
0.00493388
0.00153612
0.0015143
0.00539597
0.000338943
0.00937632
0.00819727
0.0095539
0.00368648
0.00298558
0.00496275
0.00145521
0.00533357
0.00234017
0.00150724
0.000787658
0.00204708
0.00272596
0.00291205
0.000805686
0.00339144
0.00175339
0.00225095
0.00592549
0.00152857
0.00431065
0.00202797
0.00963695
0.00228824
0.00232838
0.00512212
0.00451093
0.00364611
0.00521549
0.00862751
0.00117583
0.001076
0.00527761
0.000261432
0.00346618
0.00353002
0.00063523
0.000289329
0.0006368
0.000783753
0.0102923
0.00596477
0.00127887
0.00252571
0.00208112
0.00360344
0.00653071
0.000521126
0.0013612
0.00150054
0.0047532
0.00420109
0.000549535
0.0045095
0.00383563
0.00842601
0.00127502
0.00423486
0.00194263
0.00247394
0.00347762
0.00375055
0.00514276
0.00209077
0.00206266
0.00317185
0.00386924
0.00765407
0.00129264
0.00495992
0.000604067
0.000200879
0.00219369
0.00424918
0.0038584
0.00166698
0.00619288
0.000464455
0.00434928
0.0019232
0.00271703
0.00102147
0.00188235
0.00423005
0.00044482
0.00229262
0.00138254
0.00661931
0.0029867
0.00179982
0.000691433
0.00365983
0.00204088
0.000988851
0.00190395
0.00746861
0.000891832
0.00355626
0.00181607
0.000356072
0.00492325
0.00362903
0.00118029
0.00557234
0.00723237
0.000821628
0.00399743
0.000942889
0.00214847
0.00461681
0.00204742
0.00150339
0.000408743
0.00314697
0.00157384
0.0048391
0.00292114
0.00207281
0.00048764
0.00606656
0.00316043
0.00210461
0.000584332
0.00247107
0.00200745
0.00115713
0.00175647
0.004479
0.00189224
0.00200752
0.00125792
0.0058969
0.00363443
0.000817425
0.00208234
0.00190783
0.00695207
0.00116403
0.00565509
0.00532467
7.55035e-05
0.0020175
0.00762431
0.000819964
0.000121768
0.00431807
0.00321658
0.00821277
0.00376139
0.00668667
0.00577127
0.000103878
0.00218872
0.0043716
0.00635304
0.000961825
0.00265779
0.00289633
0.000559405
0.00169768
0.00159498
0.000286839
0.00882182
0.000438745
0.00749441
0.0016005
0.00609972
0.000156996
0.00895557
0.000803634
0.00497096
0.00147558
0.00167948
0.00638746
0.000238446
0.00608347
0.000518728
0.0060966
0.000448499
0.00351058
0.000725541
0.00123557
0.00604839
0.000234537
0.00755615
0.00149419
0.00451177
0.000336707
0.00754261
0.00509384
0.00114803
0.00765627
0.000229614
0.00281884
0.00128538
0.00609586
0.0119154
0.00657045
0.0112486
0.00626833
0.00136507
0.00222823
0.0042371
0.00301371
0.00299892
0.00597698
0.00267446
0.0145342
0.00739812
0.00660131
0.00698451
0.00619342
0.00107385
0.0014468
0.00347662
0.00244577
0.00793765
0.00154356
0.00554741
0.00241591
0.000103616
0.00100585
0.00137024
0.00248388
0.00424048
0.00543187
0.00519787
0.000285843
0.00136554
0.00243017
0.00240953
0.00570531
0.0021482
0.00498365
0.00225223
0.00403058
0.00305508
0.00395455
0.00494954
0.00112825
0.000755078
0.00508002
0.00189704
0.00372596
0.00307928
0.00405208
0.00169026
0.00152605
0.00221127
0.0014411
0.00897753
0.00161534
0.000873054
0.00400788
0.00195889
0.00472579
0.00341229
0.00131188
0.00408716
0.00319711
0.00107724
0.00325445
0.00164285
0.00344681
0.00830504
0.00383676
0.000328183
0.00890982
0.00869743
0.00494046
0.00147551
0.000833333
0.000598577
0.00481674
0.00218682
0.00350321
0.000522846
0.00167844
0.000603323
0.0045967
0.00473056
0.00236195
0.00504298
0.00319648
0.00749809
0.00372145
0.00105278
0.00748587
0.00425521
0.00176108
0.00633745
0.00433223
0.00245374
0.00678502
0.0045092
0.00450862
0.00453813
0.00206959
0.00218383
5.47738e-06
0.00332499
0.00472106
0.00437798
0.00383663
0.00268856
0.00561562
0.00709579
0.00924293
0.00749701
0.00784151
0.00162611
0.00277431
0.00468875
0.00639699
0.01376
0.00121062
0.00943183
0.00457661
0.00578653
0.00728108
0.00385718
0.00603535
0.000216261
0.00340666
0.00306626
0.00133519
0.0105087
0.00749207
0.00983648
0.00530207
0.009857
0.0120464
0.00747938
0.00987558
0.00862694
0.00693137
0.00290912
0.00145139
0.00163177
0.00266597
0.00206095
0.00155277
6.4916e-05
0.00561088
0.000832487
0.00025951
0.00561141
0.00649013
0.00192749
0.00542888
0.00574226
0.00368112
0.00958312
0.00431958
0.0121565
0.00522202
0.00396077
0.0115514
0.0071046
0.0027176
0.00724355
0.000864927
0.000392224
0.000876423
0.00456737
0.0106177
0.00649842
0.00380536
0.00710557
0.00788165
0.00858666
0.00599312
0.00151161
0.00817108
0.00297949
0.00653836
0.014251
0.00520725
0.00923375
0.00896242
0.00474081
0.00490133
0.000155532
0.00498739
0.00706868
0.00446784
0.00330137
0.00857634
0.00389942
0.00437999
0.0100224
0.00870747
0.000690702
0.00867435
0.00690579
9.10296e-05
0.0125018
0.00415354
0.00195983
0.00216862
0.000377633
0.00255852
0.00161377
0.00224923
0.00659767
0.000966283
0.001752
0.00458757
0.0146424
0.00909771
0.000837249
0.00607932
0.000162415
0.00287893
0.00107351
0.00876499
0.00141063
0.00358857
0.000266101
0.00168759
0.00673442
0.00773423
0.001427
0.00188117
0.000782552
0.00114521
0.00640811
0.00430902
0.00432525
0.00469102
0.00347067
0.0022909
0.00064865
0.000962813
0.00103197
0.00762696
0.00525847
0.00315538
0.00192511
0.00383028
0.00916157
0.00610261
0.0020167
0.0061341
0.00382266
0.00148715
0.00636449
0.00198748
4.10166e-05
0.00621228
0.00133776
0.000290135
0.00510576
0.00237855
0.00825004
0.00205841
0.000826945
0.0063033
0.00668431
0.00257168
0.00206509
0.00267913
0.0049192
0.000449553
0.00107323
0.00577628
0.0127844
0.00181173
0.0158836
0.0106967
0.0103023
0.00667984
0.00749659
0.0143394
0.0176931
0.00380789
0.00471755
0.00662612
0.00921974
0.00568187
0.00484303
0.00368576
0.00116585
0.000115182
0.00447311
0.000934971
0.00557183
0.00167307
0.00991894
0.000507043
0.0105129
0.000763799
0.000752302
0.00953967
0.000446217
0.0136143
0.000694324
0.00807809
0.0011512
0.00698181
0.000191
0.00605546
0.0066564
0.0034379
0.00598337
0.00156489
0.0137944
0.00500925
0.00863491
0.00587069
0.00962638
0.00621257
0.00669169
0.0123747
0.00256794
0.00600536
0.000123418
0.0111284
0.0117615
0.00775577
0.000432801
0.00363313
0.000778248
0.00224586
0.00580521
0.0116537
0.0117305
0.00682992
0.00905787
0.0107745
0.010874
0.00681954
0.00379367
0.0086276
0.00114887
0.00924627
0.00472027
0.00261698
0.0200993
0.00904093
0.00447668
0.00961389
0.00679689
0.00460037
0.000922298
0.0017277
0.0120659
0.00346569
0.00825484
0.00618514
0.000781293
0.00567372
0.0106528
0.0112316
0.0111763
0.000363682
0.00470967
0.00450359
0.00495116
0.00241631
0.00634903
0.00053825
0.00350756
0.00382099
0.00445592
0.00521619
0.00750612
0.00462132
0.0102316
0.000674575
0.00315912
0.00379362
0.00138454
0.00408378
0.0101416
0.00600982
0.00253833
0.000620454
0.00248945
0.00107928
0.00713627
0.00529621
0.00444845
0.00299608
0.00274951
0.00464086
4.7484e-05
0.00837396
0.000244994
0.00810984
0.00376637
0.00139936
0.0058136
0.00415182
0.00100755
0.00143997
0.00596001
0.000462175
0.00444663
0.000838241
0.00315555
0.00229821
0.00397591
0.00131742
0.0075255
0.00732502
0.00133732
0.0018205
0.00234568
0.00338159
0.00547401
0.00337122
0.00400725
0.00444885
0.00252451
0.000913725
0.00447804
0.00153472
0.00383777
0.010589
0.00339603
0.00528377
0.000231224
0.000569607
0.00393065
0.00804348
0.011542
0.0107148
0.0112159
0.008511
0.0119498
0.0173213
0.00858476
0.0145473
0.00741989
0.0109954
0.0101696
0.0145633
0.0180426
0.00780311
0.00195691
0.00287875
0.00367455
0.00603807
0.0043084
0.00578069
0.0101442
0.0106049
0.0127265
0.005777
0.0152637
0.0121784
0.0122165
0.016296
0.0106248
0.0137631
0.0122768
0.0134476
0.00716383
0.00919535
0.00345357
0.00486695
0.00247298
0.00113015
0.00706249
0.00606129
0.0109652
0.00586318
0.0170378
0.0184325
0.0151617
0.00316195
0.0109893
0.0135546
0.00914407
0.0076213
0.017314
0.0164208
0.0149144
0.00608786
0.00725034
0.00210676
0.00565881
0.00492339
0.0059935
0.000470979
0.0105488
0.0120274
0.0112682
0.010521
0.011829
0.0102799
0.00782462
0.00730617
0.0104915
0.00652504
0.00750334
0.0103524
0.00855682
0.0052029
0.00200079
0.00212734
0.00407734
0.00239648
0.00500718
0.00940651
0.00659446
0.006657
0.00362669
0.00417835
0.00761161
0.00258606
0.00693569
0.00924953
0.00712174
0.00304005
0.0087224
0.00427867
0.0104649
0.00228049
0.00236047
0.00216589
0.0019279
0.00438584
0.00622143
0.00334895
0.000527201
0.000130774
0.00367668
0.0029356
0.0058251
0.00844459
0.00198005
0.00559099
0.00370463
0.0142479
0.00383997
0.00226065
0.00130519
0.00487911
0.00266625
0.0056433
0.00177015
0.00106979
0.00605808
0.00125825
0.0100419
0.000373057
0.00390379
0.00480948
0.00171231
0.0128112
0.00359239
0.00403899
0.00242884
0.00776243
0.00382978
0.00555728
0.0050493
0.00196703
0.000382358
0.000126286
0.003656
0.00962583
0.00857663
0.00194545
0.00536929
0.00410896
0.000808467
0.00674561
0.00134534
0.00133595
0.00467664
0.00304708
0.00129026
0.00178107
0.000694888
0.00363888
2.16536e-05
0.00366417
0.00425968
0.00235001
)
;

boundaryField
{
    hotSide
    {
        type            fixedGradient;
        gradient        nonuniform List<scalar> 
400
(
321.511
322.87
325.591
329.677
335.133
341.965
350.181
359.788
370.794
383.208
397.037
412.289
428.971
447.088
466.647
487.651
510.105
534.011
559.372
586.191
323.738
325.08
327.767
331.802
337.194
343.949
352.078
361.591
372.498
384.81
398.537
413.687
430.268
448.289
467.755
488.672
511.043
534.872
560.161
586.913
326.149
327.47
330.116
334.091
339.406
346.071
354.099
363.503
374.296
386.491
400.101
415.136
431.606
449.52
468.885
489.706
511.988
535.735
560.948
587.63
328.704
330
332.597
336.503
341.73
348.292
356.205
365.485
376.15
388.215
401.695
416.604
432.954
450.753
470.009
490.73
512.919
536.579
561.714
588.325
331.33
332.599
335.142
338.97
344.099
350.546
358.332
367.477
378.003
389.928
403.271
418.047
434.27
451.949
471.095
491.712
513.807
537.382
562.439
588.978
333.918
335.158
337.643
341.389
346.414
352.74
360.392
369.397
379.779
391.562
404.765
419.407
435.503
453.065
472.101
492.618
514.622
538.114
563.096
589.569
336.321
337.531
339.959
343.622
348.544
354.751
362.274
371.142
381.385
393.031
406.101
420.618
436.595
454.047
472.983
493.409
515.33
538.747
563.663
590.076
338.36
339.543
341.92
345.509
350.339
356.44
363.847
372.595
382.718
394.244
407.2
421.608
437.485
454.844
473.695
494.045
515.897
539.253
564.114
590.478
339.852
341.015
343.352
346.885
351.645
357.665
364.985
373.643
383.675
395.113
407.984
422.312
438.116
455.407
474.197
494.491
516.294
539.606
564.428
590.758
340.643
341.795
344.11
347.613
352.334
358.311
365.584
374.193
384.176
395.567
408.393
422.679
438.443
455.699
474.456
494.722
516.498
539.788
564.589
590.901
340.643
341.795
344.11
347.613
352.334
358.311
365.584
374.193
384.176
395.567
408.393
422.679
438.443
455.699
474.456
494.722
516.498
539.788
564.589
590.901
339.852
341.015
343.352
346.885
351.645
357.665
364.985
373.643
383.675
395.113
407.984
422.312
438.116
455.407
474.197
494.491
516.294
539.606
564.428
590.758
338.36
339.543
341.92
345.509
350.339
356.44
363.847
372.595
382.718
394.244
407.2
421.608
437.485
454.844
473.695
494.045
515.897
539.253
564.114
590.478
336.321
337.531
339.959
343.622
348.544
354.751
362.274
371.142
381.385
393.031
406.101
420.618
436.595
454.047
472.983
493.409
515.33
538.747
563.663
590.076
333.918
335.158
337.643
341.389
346.414
352.74
360.392
369.397
379.779
391.562
404.765
419.407
435.503
453.065
472.101
492.618
514.622
538.114
563.096
589.569
331.33
332.599
335.142
338.97
344.099
350.546
358.332
367.477
378.003
389.928
403.271
418.047
434.27
451.949
471.095
491.712
513.807
537.382
562.439
588.978
328.704
330
332.597
336.503
341.73
348.292
356.205
365.485
376.15
388.215
401.695
416.604
432.954
450.753
470.009
490.73
512.919
536.579
561.714
588.325
326.149
327.47
330.116
334.091
339.406
346.071
354.099
363.503
374.296
386.491
400.101
415.136
431.606
449.52
468.885
489.706
511.988
535.735
560.948
587.63
323.738
325.08
327.767
331.802
337.194
343.949
352.078
361.591
372.498
384.81
398.537
413.687
430.268
448.289
467.755
488.672
511.043
534.872
560.161
586.913
321.511
322.87
325.591
329.677
335.133
341.965
350.181
359.788
370.794
383.208
397.037
412.289
428.971
447.088
466.647
487.651
510.105
534.011
559.372
586.191
)
;
    }
    coldSide
    {
        type            mixed;
        refValue        uniform 300;
        refGradient     uniform 0;
        valueFraction   uniform 0.991591;
        source          uniform 0;
        value           nonuniform List<scalar> 
400
(
300.02
300.037
300.033
300.03
300.041
300.028
300.03
300.023
300.027
300.033
300.039
300.038
300.045
300.056
300.029
300.04
300.027
300.036
300.053
300.053
300.033
300.025
300.033
300.014
300.028
300.018
300.024
300.021
300.012
300.014
300.014
300.032
300.027
300.037
300.014
300.045
300.032
300.026
300.039
300.019
300.022
300.05
300.034
300.018
300.012
300.033
300.011
300.031
300.039
300.031
300.03
300.027
300.03
300.036
300.022
300.044
300.021
300.032
300.062
300.022
300.038
300.038
300.015
300.014
300.036
300.036
300.032
300.025
300.032
300.053
300.038
300.026
300.028
300.024
300.038
300.036
300.031
300.038
300.024
300.049
300.026
300.017
300.026
300.057
300.036
300.026
300.042
300.026
300.031
300.036
300.037
300.041
300.022
300.035
300.028
300.035
300.043
300.026
300.047
300.03
300.029
300.036
300.02
300.025
300.038
300.028
300.045
300.034
300.036
300.028
300.03
300.032
300.03
300.028
300.052
300.028
300.06
300.037
300.039
300.034
300.017
300.035
300.007
300.009
300.036
300.027
300.015
300.027
300.026
300.009
300.026
300.038
300.032
300.047
300.033
300.044
300.03
300.042
300.049
300.046
300.028
300.051
300.031
300.038
300.021
300.052
300.038
300.027
300.025
300.035
300.047
300.04
300.026
300.038
300.051
300.045
300.045
300.058
300.035
300.027
300.041
300.005
300.028
300.042
300.025
300.041
300.032
300.027
300.035
300.033
300.026
300.04
300.023
300.034
300.027
300.036
300.057
300.046
300.03
300.041
300.023
300.028
300.019
300.047
300.04
300.053
300.023
300.026
300.035
300.03
300.048
300.034
300.038
300.058
300.039
300.025
300.03
300.042
300.052
300.041
300.028
300.03
300.054
300.023
300.038
300.033
300.033
300.032
300.033
300.033
300.028
300.043
300.029
300.029
300.037
300.03
300.035
300.055
300.033
300.057
300.026
300.052
300.025
300.032
300.04
300.024
300.039
300.034
300.018
300.028
300.019
300.044
300.028
300.055
300.036
300.038
300.058
300.036
300.032
300.052
300.029
300.03
300.017
300.011
300.03
300.015
300.031
300.022
300.029
300.053
300.03
300.037
300.041
300.043
300.037
300.034
300.052
300.063
300.05
300.048
300.033
300.036
300.032
300.033
300.024
300.031
300.04
300.044
300.023
300.02
300.015
300.047
300.026
300.029
300.02
300.044
300.052
300.037
300.041
300.04
300.027
300.028
300.031
300.02
300.026
300.028
300.021
300.045
300.017
300.027
300.051
300.037
300.038
300.03
300.022
300.057
300.052
300.044
300.055
300.046
300.016
300.032
300.029
300.027
300.013
300.023
300.028
300.042
300.032
300.036
300.046
300.045
300.046
300.023
300.07
300.042
300.035
300.026
300.039
300.035
300.022
300.042
300.029
300.025
300.038
300.03
300.023
300.022
300.038
300.046
300.04
300.026
300.054
300.051
300.035
300.024
300.035
300.025
300.033
300.044
300.057
300.023
300.016
300.016
300.027
300.035
300.031
300.021
300.054
300.018
300.042
300.034
300.036
300.074
300.037
300.025
300.04
300.035
300.016
300.034
300.025
300.021
300.035
300.026
300.026
300.036
300.031
300.049
300.032
300.041
300.044
300.029
300.036
300.019
300.028
300.039
300.031
300.036
300.051
300.033
300.011
300.019
300.008
300.028
300.053
300.029
300.031
300.033
300.017
300.03
300.053
300.029
300.032
300.011
300.055
300.033
300.052
300.034
300.056
300.049
)
;
    }
    adiabaticPlanes
    {
        type            fixedGradient;
        gradient        uniform 0;
    }
}

